4.912976687802803	0.0	14.18136534222288	7.162278766041673	0.0	
1.322171791897547	0.7130729388685744	0.933158699949127	1.1436204230220985	1.5466889816429212	
2.3792213708693066	0.0	8.77560323654276	4.362001551523925	0.0	
2.1498475382078457	1.5231839409773213	0.5175261804957827	1.0893649597571333	0.4768518230873836	
0.0	1.105480315314469	0.0	0.07007420543773038	1.1799493268486192	
0.0	2.9265427953799565	3.4863029308351776	0.0	0.17856349061258162	
0.0	0.0	0.3649913399621657	0.0	1.1200357726853416	
0.6321661661608093	0.4333156381692625	0.1384347943243523	0.1521902611946588	0.6563188620700373	
0.0	1.5784594633235876	0.849826903246445	0.7972254584625997	0.0	
2.044521490097011	3.7522534541904746	0.9268174600501173	0.42717345026329423	1.9160143253749373	
0.672832592269134	0.972913522111658	1.4071708718561793	0.9151532482666407	0.6091345274493676	
0.9059137835337155	0.2729194910619754	0.22642993876075054	0.5220062268343306	0.8149280317765871	
0.7548742878894389	0.11340356191406945	0.38542457408031094	0.0	0.6755986994123684	
1.84211827225116	1.8443698192874987	1.2391624638391598	1.872041347844752	1.8869508883465562	
0.3688207374113857	0.3242793562257713	0.0	0.0	0.0	
0.662469949703955	0.611017088499792	0.8977277728082573	0.5735024591869218	1.2653292263921536	
1.0365270788850938	0.6381276718381194	0.297558799990986	0.4842480954495639	1.2159721146209514	
0.2151454259125333	0.37682173302475724	0.5147055887092203	0.292328160740728	0.3983519651031512	
1.3264444090250138	0.3589483078388035	0.3519340289737362	0.0	0.008135934543965922	
1.1163181655811865	0.9767451049611571	1.2387494918203985	0.862758455661455	1.9495061295755534	
1.5350357264219183	0.8291624880681405	1.0389242970161683	0.7741925221168299	0.8095158123615758	
0.648633611277814	1.0770667733789803	0.8310339402111968	0.8799260333952459	0.5578233709584063	
0.2010669914105815	0.0	0.1557532736405701	0.45924556917797166	0.14784608755850887	
0.0	0.8600470789741725	0.0	0.4619068973729263	0.1376379781204618	
0.5897893722913207	0.5683814987549243	0.7822575642224638	0.957006235678219	0.7765315126874995	
0.28204502992086206	0.0	0.9062262713540998	0.6128873055047743	0.0	
0.0	0.1708475762415569	0.0	0.21137563879168889	0.6193935786127962	
0.44600705809009844	0.8706103984967033	1.4601729473038279	1.0224991528456808	0.7220240108829641	
0.33115930318491926	0.07564824794759778	0.0	1.2795331518714022	0.14881617335702657	
0.3113361006667758	0.6150243697854894	0.3344066017660917	0.5814918580148407	0.5566465950437939	
0.01912516640050616	0.011457257683431607	0.05822918504261146	0.019589833102588928	0.012087834275058735	
0.933578858955247	0.5485132203233125	0.5467852517185822	0.2984789886000294	0.27756757268945526	
1.3320016984436476	1.2435354274108208	0.5363413517921658	0.9192783021274028	1.4563468624013773	
0.0	0.4324337537092998	0.0	0.0	0.4620479904261533	
0.7643875699761344	0.5670449361158275	0.35497894118445206	0.7084312971732362	0.8965826154018254	
0.7777019679930564	0.455029565704119	0.658875066814373	0.825226747569665	0.7217287890473051	
0.5127140459032854	0.5007559096844902	1.2112474696986775	0.22064939503444225	0.8058052858298813	
0.15801447238086472	0.30417096580373654	0.025983287183800954	0.0827675770124848	0.3349516960744505	
0.051238863109404925	0.1937598199479497	0.10561527986851688	0.03149633494375419	0.2799519580115036	
0.578842156945376	0.6886451458091611	0.2642319424817955	0.0	1.0021619545434604	
0.23568254378687467	0.21275526172169787	0.069940533668931	0.2807982381748472	0.17906089806229245	
0.7025448579375702	0.6235596868038091	0.0	1.0366183723629776	0.806378458548496	
1.9557458029588186	1.1249164912951546	1.4339299720107759	0.9544944726749942	1.5676447791086694	
2.0054804291528496	1.7508017783710732	1.2811399334626936	1.9257007283773873	2.1181633337666486	
0.14971144235073264	0.14111200305881444	0.30054359188684165	0.356055802318567	0.2313585466438324	
0.5947719976422136	0.192123017226181	0.277466576286918	0.48157327663252647	0.6900131750822195	
0.1555859179679782	0.280063562327326	0.06894125751455607	0.26815329543957694	0.18783023364022822	
0.579490219119033	0.6516878031763265	0.4658430369779753	0.46807215452967355	0.987000734734057	
0.4345743662599436	0.6167193111748568	0.5830277979506878	0.45993475169129794	0.12453431143089257	
0.6763115869719278	1.2709225563966244	0.5549234241410061	1.2009016090655684	0.7191172915390496	
0.9118732782998158	0.534422235196039	0.4972842310892233	0.7789601232853934	0.7860884418183142	
1.2309922779113416	0.7756007734898346	0.16413940076962266	0.3831317831097289	0.28775561970223534	
1.5741333152203691	1.0733186646183632	1.1728616764472377	1.3547525921250847	1.0471775033466275	
0.719632447086752	0.4255826492391158	0.4661780922617244	0.09494977330685375	0.35028365182129256	
0.05695957771892646	0.18156213938986301	0.3728329492101946	0.0	0.41665123941261695	
0.34715578330551033	0.22293569849292458	0.196395196574208	0.09302060847687127	0.30815012849190093	
0.0	0.27095160742926344	0.00848653731223612	0.0	0.0	
0.0	0.1578056902306794	0.3244102465017296	0.5493043547519216	0.2740350091965971	
0.09872209332210065	0.08527613314695151	0.03647813376898559	0.012872860982162417	0.11890851971098287	
0.12751730048936838	0.2402675178024729	0.36034415398852315	0.08751500864242505	0.39942230557476804	
0.16367229052077537	0.2145362262464306	0.292705535532311	0.1720766109529283	0.1528478350829654	
0.7931190545366181	0.5889111333092572	0.601929618347468	0.5060623357612603	0.9975592053920536	
0.6392647435462607	0.08868013789046933	0.22307963588753016	0.4197841567533901	0.012333976444053485	
0.2508205493494295	0.0	0.14628598263248652	0.1835463133553399	0.11890549650532006	
0.28326407724178443	0.5705556642606163	0.7592311973119082	0.554817723374125	0.6383087381828172	
0.440634678924599	0.3141408669275778	0.12460806390239337	0.29104775220672946	0.19013287986126093	
0.470971504107359	1.0952171172114027	0.6167954712298964	1.2729279380601728	0.3250518806871302	
1.1191809221222784	1.2997019124916864	0.4345138656082721	0.6786073268239933	0.7873002036863199	
1.1801728276907275	1.3056703747976857	0.6331028169192938	0.44597218126782423	0.32103150563150595	
0.6875328254790263	1.0556964422040096	0.6739432831689738	0.711578349511435	0.3954187906172434	
1.1677629791398816	1.4618106706085336	0.8082313508242839	1.0415845150937275	0.8976037958071079	
0.17684039567702253	0.617371798076137	0.16227740433737897	0.2202064113486757	0.3464605266846152	
0.0	0.11762808764102964	0.20091689484823794	0.07491971063284955	0.17291755090572425	
0.7669400966375692	0.4648380094755408	0.5409475729276507	0.5711160982993234	0.6705668739445606	
0.0	0.12591463045280799	0.0	0.26832934593016283	0.0	
0.14370418586922512	0.11727553518430413	0.17855323893318306	0.18994753549986443	0.14015227690931822	
0.3082209667810811	0.7665221287460872	0.7093826141025344	0.7087055738366529	0.8389263889856302	
0.7185250035923247	1.291669539540094	0.754167993840016	0.8221600165867008	1.4954314993979845	
0.0	0.41285813254779136	0.0	0.0	0.012044847869342738	
0.04772328359229825	0.18794289313893056	0.27624398047395843	0.13983989071586048	0.10967262874172491	
0.5084005122625358	0.40343417486251987	0.2387996314821485	0.6893527746319486	1.0767145013359654	
0.16851518208710037	0.09251411923737983	0.2066628022924237	0.17101081137596488	0.04205210255499602	
0.7608896777833759	0.8512796779470417	0.9793116896380422	1.755015985541864	1.4338138239763463	
0.20892030070461423	0.072437821053167	0.16627984194940296	0.33099201513802107	0.16313355716399908	
0.5145277087112808	0.43902676000035196	0.5115014695154211	0.5260531990390507	0.0	
1.8673635186513564	2.0989830245834407	1.193192450728291	1.1820960359262365	1.8452101294999914	
0.7659490645403602	1.1147841833574208	0.8797754701718449	0.6595274002846591	0.8813400157852231	
0.471054103624641	0.2225005851491989	0.08181206949541477	0.2932709327046019	0.318217775014597	
0.24451425451546605	0.09340230717853869	0.2454173870171946	0.2240134233464467	0.07373675831373576	
1.1626790158300395	1.9566387932949711	0.4743895878944565	1.191012924209887	1.3731711922009038	
0.20276846855053351	0.27791549189428166	0.4037315739275992	0.7855617335448265	0.7239601370567256	
0.6779039676206118	0.8639495838002076	0.2915802277937009	0.19561145822292297	0.3740860250943712	
0.5786991788774272	0.2205208628820194	1.0197210476924976	1.2271477699285605	0.35245472450197907	
0.6641755501362483	1.0090492212628173	0.5395943842509809	0.6483827268966548	0.6379477160591387	
0.5698290862954167	0.3122470106290711	0.687685986178325	0.1190315932240552	0.7546858538717951	
0.10009541313646159	0.2444037335246711	0.011217708641477447	0.005690642325766814	0.13395648757078918	
0.43298610533700077	0.32104316252338566	0.5875519796303784	0.7349114065012413	0.8153970316378609	
0.33453497457032383	0.5226207873128961	0.42874295319177536	0.20097968446445552	0.5998727164220171	
0.2229434342245155	0.30791963179765514	0.2215701032741794	0.4421752246168539	0.35440095248626524	
0.5764628602222833	0.6186803740606118	0.4103185161822714	0.7436422208132462	0.7505159021094089	
1.4632410883827476	0.9149681808371375	0.7012793545203618	0.5675890336448435	0.4653478208461079	
0.5497772947258845	0.4508010026515145	0.5933458552250832	0.38130006384737475	0.38367875536145024	
0.43689748536349615	0.26491763726399664	0.1765933689773164	0.2851304435004346	0.3481260804512584	
0.22854237569526842	0.3331762840977427	0.9156699698087741	0.6451213065366352	0.26058863235682245	
0.2967555336343721	0.19691904612681804	0.23656065869910617	0.9448161393083647	0.24424070550765026	
0.3565290008441115	0.5831919523041161	0.7204333457530772	1.063421880474967	0.7866774212365897	
0.42964385425055923	0.0	0.477565168836025	0.38176836171067197	0.6196631800301505	
0.10514243009904453	0.12442021021424118	0.25864862342876743	0.435708046806679	0.5869031610068413	
0.10129851996244049	0.07698542721941311	0.044766706172909405	0.27287014714369956	0.13680998176933168	
0.4775374667383061	1.6512180143963975	0.8989443570596211	0.7661224740660081	1.0250030438005884	
0.2169752660906362	0.18682021610878236	0.40083483193301267	0.321072956609365	0.2349744597233802	
0.007624703814847055	0.15195344746910605	0.1607636220400808	0.09792251645017908	0.07016676112107792	
0.6285253903963045	0.7424394285306414	0.20879163457598432	0.17020757814592036	0.9709800248416335	
0.33436247208419895	0.27762047435116205	0.4113704521270231	0.3776237001657808	0.19966080428524424	
0.16261627586994148	0.44111671301162975	0.4276561769730183	0.4832714133994113	0.422747136302147	
0.9754732468310703	0.6177091411698147	0.27937681755726584	0.37904934259485273	0.3447088911540957	
0.59216981631597	0.4601964682308838	0.4383655298378107	0.5207249721759593	0.45098193947704834	
0.8595193041178351	0.553664650166064	1.2116227671004025	1.1025995965596778	0.9119024170433059	
0.4076723690531368	0.43695911146120064	0.40140505731122117	0.23929857992362472	0.29790972846341435	
0.274312548490973	0.04355423871682633	0.02880079695119004	0.15014179435643216	0.1712816824089171	
0.03418501564229229	0.014540043173837716	0.48667528017899964	0.0	0.3913084384070129	
0.8300455957755867	1.027660931913269	0.2770749491939031	0.844804979395159	0.3496888355583779	
0.43268775946802507	0.4933861626904569	0.42509485237258954	0.2632998453415167	0.8035730455118265	
0.2767112287213931	0.34120312220869947	0.24938352545552514	0.24674923564090473	0.047485330361793324	
0.6673083553204673	0.3218082263778186	0.1271387361379583	0.5598230262752406	0.2940603434758511	
0.8275947988605702	0.7676492002254509	0.7465959581019184	0.823309644355188	0.9819380227701415	
1.1979507705627883	0.5388325544361906	0.18382928682662703	0.19826064914677824	0.07480030475917288	
1.2751973652189585	1.3405367313552803	0.6262337502436509	0.7501634429127516	0.9657763086704377	
1.32622082020111	2.246024747012086	1.0018004874312039	1.4483201511399104	1.9299411081531948	
0.34846130715177287	0.2824886115702435	0.115895289027812	0.17616215248581843	0.4312933013591108	
0.33859434779310293	0.2120408636641635	0.31984677205750384	0.2915834345128898	0.28962919272390486	
0.8633886935614834	0.9747699301425975	0.6760146226701401	1.3783751709552852	1.0720517214274434	
0.7890773732080126	0.5267710272775508	0.9936946735568111	0.7598649030904335	0.7528596377131787	
0.4587151180476461	0.28811925077314077	0.20948865408999687	0.1498620406413709	0.22903055766695526	
0.6056999719138105	0.40729084174481844	0.6175975874030758	0.4274654070108506	0.4789985619986745	
0.21420458653026336	0.1684547086290295	0.12107207615886914	0.14868081198620348	0.1641924216528896	
0.6359191264400726	0.4794420679023257	0.46378600421088584	0.16627774220902508	0.6106049603734153	
0.9206445031188873	0.6140753355892722	0.5196231283243566	0.8085340081440288	0.69347216389022	
0.13951736758930064	0.1574607412568547	0.17653500343669964	0.085985215125023	0.2197387669986857	
0.16022396904386502	0.2740939503702979	0.030581712917249117	0.19527981765552233	0.25595690076295086	
0.8587082109861353	1.1903447572519825	0.8108519935608118	0.963481549476296	0.990914984656747	
0.4243562737557143	0.2474444359366617	0.43986085418051507	0.518252902436945	0.30433274808338584	
0.4565097951086175	0.31463764334163424	0.468960828720674	0.9310299406959259	0.9450458614808107	
0.6480944662723546	0.5228710468186244	0.25499928533429816	0.3178269798249246	0.24132269082462768	
0.26559065162198814	0.6444007640541187	0.3036114789214222	0.5184746415587105	0.5986319229351063	
0.10093203799630036	0.437020227567655	0.19169363200475684	0.21360921291509521	0.17547266135998293	
0.0	0.25825582670796965	0.08428142115563518	0.03816804331332325	0.0	
0.34646842747136175	0.8567185107310478	0.6944038397979935	0.2194460133524978	0.6366716923308471	
0.4820967999936337	0.4597399700386931	0.20062316256409618	0.3790644262370461	0.42233035344326314	
0.21359990760147135	0.03460938205169477	0.14443395629269548	0.0924320755682837	0.34170513869183206	
0.927014345651646	0.36711026122754414	0.8010651474855457	0.5915122396461762	0.6295773091945591	
0.33445838246291204	0.24386695341904488	0.3160403144501685	0.3893679153425548	0.1735347877800504	
0.20182739894118593	0.2558956767562534	0.4779803005756939	0.29609500999762445	0.13458025113948352	
1.0987098103396937	1.2369745700237174	0.7947211858052672	0.326855921400388	0.4859550351760863	
0.14726891104687465	0.03833157901774211	0.08844763666220037	0.10004356752543188	0.17247987873937426	
0.16014047142905397	0.23518892051118806	0.7170098103601451	0.3141521130520207	0.4698622596526282	
0.5031607323875136	0.48401754696946947	0.3486758073003353	0.7510207339531856	0.748948928251004	
0.1862442878714562	0.2226796807274022	0.3588554094508853	0.43704851414595763	0.3393034080924111	
0.3144572779177774	0.9354355874587448	0.2647414099059195	0.6671709197438627	0.6904863366309348	
0.026011985422766136	0.21290711038191504	0.04876955598440921	0.33464440323062405	0.27580054589025127	
0.8907061609215373	1.1388459606555468	1.0474992740958866	0.6524972477812394	0.38733702058120223	
0.0762666194004675	0.042549139287371	0.0	0.0	0.0	
1.0051326531822444	0.8293373871247456	0.8163368679395824	1.0127843155896745	0.7493610069252544	
0.329049762350068	0.19158358703824882	0.14695389210872967	0.4477074424387772	0.4297064653038215	
0.0	0.0	0.0	0.0	0.0	
0.47393261985906454	0.3022490855124066	0.36236354255057746	0.33920631119321487	0.22986478063983345	
0.21278080215359307	0.1272275426994546	0.23719527122115663	0.08777903056610697	0.2423731427412285	
0.02225873118894595	0.21979759074120078	0.0	0.0	0.16639558224624956	
0.023552385811581845	0.25423534684489524	0.2548268535648642	0.1601181220039722	0.13636753251639908	
0.14279779905261417	0.03274899135717723	0.04713279289017196	0.0026608581248554254	0.22057654469227247	
0.5669390859037413	0.19162505377964464	0.14481064646666025	0.19928664177019736	0.28370158153943265	
1.116087202563622	1.497464540397089	1.3011259290574537	1.1181628238893047	1.2726137355905913	
0.11220965498147384	0.3639853281465604	0.651297748763892	0.038483249882290724	0.3132968380978559	
0.22745925178132412	0.007141762509741151	0.05182884190227323	0.2569972685899779	0.22738195211696727	
0.12299504464762015	0.04359428939213455	0.13123437208177852	0.11971211536926295	0.06856178907188722	
0.8717887812695893	0.4517981753933373	0.7215336847230358	0.3153138113068675	0.40723857402476143	
0.036071496492235185	0.1770547397597216	0.06916045354139684	0.016249716233042572	0.05348293061114138	
0.6156435623065548	0.4557600103039437	0.382882101251468	0.1806255506036799	1.0792505360837465	
0.1713701036556428	0.2809918443161509	0.1334991263186041	0.07570279336158743	0.1749520487029926	
0.14781905408181886	0.0	0.07940405054068096	0.007119301830243358	0.021653593862838813	
0.23130280933363562	0.24673123726658597	0.2128165187371683	0.12319809944344623	0.06284425177618362	
0.12702607755940834	0.10608777923077391	0.011836421525244169	0.07792293169950684	0.09259541449984601	
0.49048027667498695	0.4914978682299605	0.7205840086173194	0.4739949450738888	0.35940574905869604	
1.3066030419473622	1.1737634281953069	0.8822331342185638	1.063510666241927	1.1875212307297087	
0.1506056260543786	0.6243670374401938	0.5451213645572165	0.6721942941898573	0.3467287831018693	
0.16524272989788277	0.086106601922086	0.0	0.14257412569482625	0.18968686099170545	
1.380338943346512	0.6046085535414925	0.2951407047465998	0.5365532465057392	0.6827641406460744	
0.07586005517705238	0.14963910708284994	0.00860783767170958	0.26688710525658677	0.050053951173479536	
0.18157877258355912	0.3163014885460239	0.1637895025737382	0.0856488376996426	0.27256262171915624	
0.24275925567109874	0.1982725839530956	0.11522886264203504	0.10279767143431187	0.09531917726878822	
0.008140411570850136	0.1256882178577064	0.14303576990038314	0.31796922137916145	0.024488727145909425	
0.1072118749649804	0.20525573300079364	0.11457763776937992	0.23532815637133683	0.04654267664933384	
0.08015194834190803	0.0	0.15307474743787997	0.28437909509445275	0.1917016152590317	
0.6136982039556502	0.2108615951904731	0.47727164779432557	0.3937640543133586	0.5477431654961172	
0.2297558221745753	0.11185174588525792	0.16350548558115977	0.10385997287687998	0.2214137959176977	
0.2662686977935079	0.0688683195789293	0.06864501102232758	0.1839852530582519	0.05536492385215287	
0.0345624339693421	0.17947497145466235	0.2637972222622283	0.23372418032956818	0.16416366816380917	
0.5789843214266721	0.11601757292986115	0.21536665394155635	0.25354459999517226	0.5039850216015102	
2.2726401881014517	2.520444216619291	1.796798118199217	2.1251871275978984	1.2123210499709818	
0.4777106442652946	0.3436212488885712	0.46586390629537633	0.10014093296229225	0.2719366425796184	
0.13705189603292342	0.3567818790419866	0.3560117600291758	0.199979956604913	0.24304401162184622	
0.20562362283702978	0.16730673646366273	0.5317778756492889	0.45265955224920196	0.5275935977193937	
0.17884470370194486	0.17539425773626383	0.21581242168535375	0.31958779253173153	0.3214298952274022	
1.8469085620052543	1.2624264708808541	1.507103890504579	0.5977472949058117	1.7278598003776187	
0.21989388144869904	0.14682059083545634	0.20318740195210058	0.2890788796414925	0.04356784833861657	
0.6609899206472991	0.5950507985702903	0.20518719996933735	0.2566618280353395	0.4439374914243853	
0.0	0.33316932717238523	0.27138537334447427	0.16119048010386286	0.0	
0.3969701186740204	0.30293128924185975	0.09526651740841846	0.19151318100930553	0.6654389426463377	
0.2611887085210411	0.06922263081098216	0.25821316648924897	0.012214776295326734	0.10210895024883883	
0.20638504307635933	0.14326741225389245	0.22988254495633417	0.20047407206746612	0.18255861083202368	
4.6296056048934935E-5	0.23711111484085	0.15612546314527498	0.09689890235437723	0.21618423911687898	
0.15518653377610755	0.2369834166065561	0.23089636317933046	0.23450473817704445	0.3289656209427132	
1.1033965296921826	1.220802374643381	0.5497499686287276	0.40706705803635795	1.1170696552927686	
0.1505424551554242	0.12262872630022378	0.18816885689128174	0.14172141477204858	0.05388285793372432	
0.3424529361566389	0.43882423542624915	0.2650109331731949	0.45008728080296306	0.7322632229946177	
0.5382372631251443	0.051987861940718416	0.17886535972577952	0.25712126815475517	0.2746205864951181	
0.1335927179159284	0.003122288498303711	0.025680875314618826	0.2860658284670504	0.036529135261843836	
0.28112875718300134	0.2744667905432249	0.006124067046753262	0.21900574146374763	0.021369889643751777	
1.6188183326793872	2.1097404610795705	0.6164872410136635	1.452523589862715	1.2337117834977018	
0.9890223445003756	1.147557156034259	0.5308644486229801	0.16723455784599467	0.8322227855153989	
0.10511864093713588	0.4557984578883113	0.3049796765536138	0.21327342350893877	0.5195009072333204	
0.42468331890364425	0.3093062765077942	0.6527058485794518	0.5059837028548902	0.5159491604720946	
0.4531053775905781	0.872292341979219	0.3621460936779012	0.2601061818033362	0.8498398247651199	
0.5257020543966137	0.38230313500484375	0.18084016148386767	0.5535045570089606	0.3663141891433857	
0.36024659260864655	0.4343950490234351	0.6306337338170951	0.3909295713911437	0.3437320660463234	
0.055567189647862156	0.1646749644339906	0.2208239660925922	0.18027046630923402	0.21410545271334036	
0.32006507751979774	0.5804874098606636	0.5590803733328216	0.274241663536714	0.5349978495145656	
1.1185733177694421	1.0460196620530342	0.6836329887640663	0.9985389027271068	0.8707539353429479	
0.5671014652684367	0.27850505531352265	0.3964512686182634	0.24170445409141658	0.15364213055403816	
0.37434166517507883	0.6842156504230791	0.364123334543137	0.45230910987301204	0.7660231188840327	
0.29950006630866655	0.08657354846230111	0.04010848572862437	0.23745475377572262	0.3707735389934064	
0.20974065780792975	0.5828657861579272	0.0	0.1170256907049535	0.07809545461536693	
0.19639132173673193	0.20408680504313065	0.16043152435228256	0.27841718100085605	0.33162664559367283	
0.6860313444419219	0.5389800202788613	0.2492733620465477	0.337306897735856	0.13153443528134562	
0.037937175845555775	0.0853333947403225	0.2757714102310216	0.2244660968168489	0.002783980393108254	
0.0705934184774104	0.11502190689277661	0.11670625343797655	0.001779563727145106	0.0	
0.3390949749923133	0.07802418438981294	0.0	0.03899027615608662	0.24995557666269777	
0.1333844054276216	0.22125548235965917	0.30157200828404807	0.08365822617814433	0.06365131529654965	
0.28980926344508307	0.9060246192127545	0.40882951594536154	0.2292174387676168	0.1703644609675426	
0.18784512125973207	0.6948669447746945	0.7318526482098948	0.6902717176882208	0.5985447526302997	
0.11153077941487857	0.14704087356535442	0.02264099857833953	0.2900441926886138	0.21876742392094092	
0.519881621938612	0.49317732907391376	0.4412728439323015	0.3990744399975809	0.33788386841011	
0.17316033165179845	0.07613292250745934	0.2485636450771818	0.23571444488754822	0.18039407199526863	
0.024578348115777148	0.23803156587849206	0.2532145947109946	0.018844339152125845	0.15167992723933935	
0.6533169387094578	1.0354258226022757	0.4597048882453217	0.7809466151984664	0.6357920592076094	
0.03281593638934955	0.7181623307424484	0.20561765852012465	0.03142373230151582	0.3447423692783045	
0.39329256478820895	0.29401533393879825	0.21315120974971258	0.4462004473619444	0.31868863052028995	
0.2090529104873342	0.14826702447692977	0.27181896745283196	0.40391182637657663	0.3301350873562952	
0.09510172935701916	0.26881608807249946	4.240502785557289E-4	0.2483129221670911	0.15648024728673016	
0.6495150223972116	0.23054499328413036	0.15346283142880227	0.25258167102453594	0.09418739958260589	
0.13164399472629387	0.4467072162929382	0.1419377221844334	0.06371295574595341	0.43808908052520656	
0.2082484664339108	0.03794183341785631	0.22442441672006738	0.17180524590711996	0.10228113140393646	
0.14446947667880528	0.2968868574221728	0.03559812996141316	0.11758816065604664	0.20440696949833906	
0.6083466780641109	0.5362149576621562	0.4263935880235299	0.5447451509573062	0.36006501633526733	
0.3506513021689601	0.3380076772764223	0.1057469684175617	0.46542307094453667	0.2965969440387684	
0.0	0.16929774653457733	0.4352188528057842	0.43668274179748556	0.44837942212580517	
0.33464203754590427	0.13069182933901044	0.2754159586267327	0.29931915451097446	0.37204332667859713	
0.12161696217273561	0.2285615408401836	0.09419790017069798	0.35868509254653924	0.10141716324370151	
0.14486354636014467	0.21636747240427157	5.688154564221095E-4	0.02319442432300247	0.046939780544033236	
0.45449641012112013	0.41616050650071906	0.15544374805857197	0.14804237267063286	0.35871109179440624	
0.09586556892105888	0.3891984287030989	0.1299773192263423	0.2501651916815362	0.11109916265169976	
0.11645597473700074	0.24833092908067145	0.15437279893558836	0.09525074120019927	0.19924549270579586	
0.0	0.21217825391208447	0.003662147090188845	0.09183279156641036	0.0	
0.07552940974083076	0.027424017264215665	0.002074064836648161	0.0	0.0	
0.35251079808253677	0.07553645796567526	0.31925399637332075	0.5360382335069317	0.3297074393491263	
0.09660845250226545	0.155282276874218	0.0	5.094544973844369E-4	0.13506922320607215	
0.6515353139032295	1.3118367927875154	0.6093750040162856	0.8825558744461326	0.8865211822921623	
0.08254887932845101	0.2344849420151421	0.04953036212233586	0.2812156488645898	0.04159450396702869	
0.38562278099089975	0.4900990797945443	0.42081165014783756	0.11378892295398198	0.4318890009231294	
0.25791739771481687	0.04533432900516426	0.23844101323504477	0.22875003625746368	0.11371980297812381	
0.17316037250139116	0.5870484165019809	0.4304827595319774	1.1501771513377754	0.4306545432321165	
0.0	0.20317060990232233	0.36125332184460673	0.0	0.3012403533859454	
0.7050906382267731	0.23498268111613152	0.35252553955727706	0.2751923247790425	0.29792864107620154	
0.04497963638691731	0.05902736331624639	0.0018844380525562933	0.1475334238712839	0.029136595699382282	
0.09851729402491942	0.1902744731486346	0.4613468055443227	0.05425354508259171	0.8291955864224471	
0.2976694020256416	0.19374784321781624	0.23945528743370312	0.16475121681430424	0.20412329569763932	
0.2220151543451255	0.19069517404209807	0.35931934237583035	0.5755078715992414	0.14449913178724041	
0.25940323035855417	0.009053560872074491	0.006978480709095949	0.04866296974736025	0.10534977361069708	
0.23069588266317786	0.22372515532537604	0.09837439814430143	0.13190604043924492	0.3259680558047493	
1.5868600709015106	1.142276631444233	0.8561131720188171	0.8270093219698227	1.3584048765082086	
0.9376882547837595	0.38681195817283265	0.343929123365015	0.8721362154692657	0.6958427969720267	
0.36185159092506136	0.3596796239876653	0.6506765917811328	0.2026211671051033	0.6437590347728035	
0.35689742083979564	0.23928980715405326	0.04839290345583545	0.26217725760615956	0.11516420208617045	
0.21921805333534475	0.23147504235319494	0.25523535855213153	0.2771727832026061	0.208133032714649	
0.1833539394346595	0.23650110842001418	0.22360132865184915	0.2023270532942853	0.17662568423299344	
0.10694884061816645	0.1766094134193328	0.03518743355387056	0.23088327169996617	0.015468880542580263	
0.3641615604535091	0.4733705154217748	0.17194875541297075	0.45722540660264266	0.3525141066770817	
0.22698084295446208	0.142543695985773	0.29762522664145885	0.18911357262833306	0.1736587739082271	
0.169156987617377	0.13716922700210804	0.007447476924090058	0.11362585625222664	0.07075836905026783	
0.08519081134208792	0.15086308512084007	0.1089381090626062	0.28701586599592976	0.0028326148478649135	
0.15711389096012374	0.11818139410793803	0.17794238556401812	0.21039759159480248	0.29408252295960213	
0.1424099924413155	0.5783858571165663	0.4264084511227076	0.5728662358912969	0.37571152869796126	
0.0806547005980831	0.1970736681394475	0.06918015920060973	0.12868913777256966	0.29242801654491163	
0.051862314328084934	0.07115813581937794	0.08934180432576587	0.27343336427301507	0.17205725540944816	
0.3870093955894251	0.3638563602952188	0.11255882270101082	0.8938904262075383	0.23922795714515047	
0.19512848524855525	0.2327514147809817	0.14413229275639652	0.25774494505663764	0.28065538935443435	
0.13743199999003905	0.26056541553439483	0.2959563094443559	0.3866469459587003	0.24573795166086923	
0.8421347510608463	0.9200890595067825	0.6933419614365303	0.6522248110530805	1.0428873367599696	
0.034056306856467634	0.16599172600673295	6.580449750420506E-4	0.08164845733235186	0.0	
0.1082787591006335	0.5651236381518434	0.13033517020985633	0.29056161091470767	0.2734751979174462	
0.7771906348017406	0.8556922747820838	0.12905335586486147	0.3448650013353881	0.7786880787439604	
0.1608664533879025	0.42942474541645353	0.35634324312597093	0.09758595266628899	0.397506347920166	
0.141257428401916	0.1642990718669517	0.2643393110433543	0.28542945010303344	0.060404938491137684	
0.20702786964869607	0.2424698149180621	0.06485109230830458	0.015604816295796796	0.2666285780266727	
0.0	0.14819709849709325	0.23293124455539407	0.0	0.010721996193222607	
0.0	0.010094323603199437	0.0	0.10539960840051353	0.0	
0.29547296106953497	0.19828159334468004	0.07597276235654568	0.23218999853973457	0.12264426756307671	
0.1016232837512578	0.21035295857954067	0.07427575479641715	0.11016769649399175	0.17271718728512148	
0.5032259177019561	0.5393510346161097	0.41444643711549095	0.6171440708702076	0.6733792050535659	
0.5881661416497475	0.4709880829665892	0.278368675616239	0.1539766866219992	0.7199011725692412	
0.2636750839917492	0.32165295641177316	0.23951728642303996	0.16988226644601323	0.2467628269690235	
0.12784883834234054	0.28751226029592025	0.09633795606009894	0.017230979468236502	0.021247671178870615	
0.027760687352415474	0.2408501579991529	0.04187265755185311	0.04572634160050058	0.05882514408303319	
0.051134014053496296	0.25041381601153556	0.17496223324614738	0.24040500756761757	0.25445606069457455	
0.23003471327964373	0.4780712840656234	0.23498627750004275	0.6321559778784813	0.721819396220372	
0.5219671357836414	0.13699426151537078	0.3943645100006226	0.39261381576502186	0.32115151570857725	
0.41423506134163707	0.2739296347417845	0.4284976964248205	1.2589221246075324	0.9165073965197086	
0.3373390175947304	0.25143257530456786	0.7687338340661964	0.400835082521291	0.6140949764150938	
0.1073786416873742	0.14631559373929867	0.0030010561546109835	0.010587996889931653	0.05434235237455744	
0.2243491208882486	0.12590302955103583	0.24253347712617293	0.1759271951960497	0.0433876348867815	
0.8174529132917107	0.5007372985502383	0.19062106039544005	0.4801177785998894	0.5758317525086522	
0.023801230359139867	0.22500382028895777	0.15839568220341824	0.26721239779850003	0.23120456529180333	
0.37334546398463986	0.36509531893369046	0.5547705827239173	0.281318583277983	0.6719862731567547	
0.18088511495524087	0.13246641920281213	0.18873186383146176	0.11013681407660847	0.2315130760670969	
0.5778569647882533	0.3395041718335265	0.2851146779647356	0.16444608131194668	0.1561888075760558	
0.35223768522504284	0.30239372538327963	0.5650378760000138	0.6567888559175197	0.4559837047828194	
0.16305899230548693	0.07630544298722115	0.35234495680942146	0.10630265059505067	0.2423901644401798	
0.2250638350910861	0.2739101395463141	0.7330618819844624	0.4639591780442934	0.4485406078669658	
0.11399042135656948	0.21939658654895572	0.10166029842267676	0.0982899022195152	0.13227886232254762	
0.2305133930850601	0.10378325374239204	0.12844681946386455	0.09194449629326808	0.16855466844253333	
0.4415926564266068	0.3273797631032236	0.41551812104338653	0.39898109630570483	0.4280579570096911	
0.9678566488690731	0.7371867730753884	0.49127406396951806	0.761328559727515	1.1193679743675964	
0.061502589006832475	0.2522867021334309	0.28108314630001824	0.13449216573927997	0.1444667471955972	
0.12822242136368275	0.10168733776839342	0.1579330018713509	0.25523788218617427	0.3097149472303278	
0.23537120861551364	0.12905571136832963	0.19761205557186262	0.10030969453210122	0.026092207551877855	
0.25708485091639915	0.36207138344042883	0.31134046543979593	0.389354777053806	0.16547719582020873	
0.02146803592873259	0.0	0.004355288162876251	0.14523581203222574	0.09945706238440123	
0.9067585698264707	0.3021964862733893	0.2422240137687143	0.39193574991340996	0.3750727491648579	
0.07721090790913138	0.05719550202319389	0.11042765808896161	0.2918193161187277	0.16022934461079144	
0.2233843990119554	0.27100417902645435	0.14594405096606558	0.08722007622265618	0.18854690545802744	
0.15453404151262767	0.030372247223024944	0.06520400248195835	0.18128256620920008	0.167164254253718	
0.1304270769345451	0.08345017192501056	0.03819115066743066	0.059474384577874295	0.18440253935974613	
0.2579785438602703	0.09498275122200381	0.2412702741535056	0.014923416842415336	0.2641073158495981	
0.2961475530705588	0.2743352824226132	0.09685632126202341	0.19134876697055198	0.17482195801605632	
0.24394932771191633	0.2853807115414459	0.1214548976205157	0.2721772516097389	0.2235837425966809	
0.5807641919209874	0.7494101919565803	0.23396996433794542	0.38803236325886137	0.4307330705942455	
0.23565307124461513	0.07566045995034222	0.08140072134579766	0.008503408575261969	0.08371435472420322	
0.24046807988039487	0.15321936005707862	0.365924039846654	0.38636371520807566	0.4470764931896753	
0.15962909574673556	0.1099303829908764	0.0	0.12220587911075322	0.19284692589553215	
0.1333778084460004	0.24802794262398317	0.40495539368873845	0.16941728169601947	0.42316489558934	
0.08639864686617868	0.024844954657473863	0.17168819114908598	0.22343592574223006	0.21942530340032626	
0.2459890844844268	0.16850582825512045	0.4697557856290854	0.09199543558278116	0.611806253759558	
0.16118593609113713	0.26089563292644913	0.06343248398638619	0.19820169004148155	0.44696911166421927	
0.7391398523208933	0.10918273410385078	0.0	0.14152149140301795	0.42025348982374805	
0.31725882854982995	0.2866873876653519	0.3361923732920415	0.24577556457354194	0.1937578859976709	
0.24891075902966942	0.04684337736191813	0.02760109449104262	0.27208076222078503	0.17285513139200956	
0.5584102099024741	0.4999536221620724	0.5258587978736506	0.4031918527955742	0.23844025548859904	
0.29646356860600637	0.3720152614678079	0.39123891961133783	0.2913716387402445	0.5867647711170128	
0.32583481952004445	0.0	0.3102135252227798	0.4382894168106324	0.2575819806631742	
0.17642927032850692	0.11360818858626648	0.01349846269960013	0.098202594611826	0.3010356921896485	
0.21919082116379918	0.11791105775227888	0.4261075517296751	0.3681771046365573	0.22690654238712213	
0.18380404573515455	0.004758358184073512	0.13522893989315787	0.09100430394603189	0.0	
0.31650987104418676	0.35249172079051	0.23879285344647552	0.6307182297124859	0.49944859821583243	
0.21448272469269047	0.5408804513804	0.43837195091255643	0.23809143295582458	0.6463420315228645	
0.13101976806723623	0.1533832626562421	0.018438893332249042	0.19790613341503532	0.06511982285710363	
0.14806876094927854	0.08541873120172652	0.22458073830443753	0.24232087789914594	0.19397200021134553	
0.1478261345513091	0.24820002112043824	0.16325790613483704	0.06857206941822624	0.22981941924830168	
0.12710327287913273	0.2720033854252162	0.059580866596354976	0.0020017479536071255	0.15516950193271986	
0.0	0.14845166398130571	0.14029994907953214	0.19510804071380236	0.06256491240200558	
0.13630774384154717	0.006186191341708729	0.056125679041537	0.15744424670317445	0.03357810119792483	
0.10139999282169394	0.15185355275083423	0.142409874804023	0.0697312363307349	0.1734416781590174	
0.1616380647825518	0.3336441275007303	0.7629064588781554	0.12865522503577417	0.252855341437482	
0.16421257999065553	0.16707836908721094	0.1168360967246535	0.04171064305913583	0.10612562716578541	
0.3919351481350059	0.13106382130925806	0.40675165429357096	0.40093595830260054	0.16721092605616988	
0.6564610934570767	0.3885817384597924	0.1786850378951127	0.38678800505089705	0.5071315826386822	
0.1892794554080151	0.32134320885778633	0.33351706275003257	0.3066162221780846	0.08543844970126914	
0.48053224674540085	0.15832242987995623	0.3279826821220281	0.5149343367061888	0.07980804254449014	
0.15509567126241244	0.21488128814836335	0.21412886548604831	0.0025533902616172656	0.17467985134026912	
0.2697468517892191	0.0655014894219645	0.10928814889714222	0.3125416901488598	0.39425300236581023	
0.07730028907667627	0.08227754729314558	0.3004691006445465	0.20836916647490641	0.2618808242490739	
0.13752134932244006	0.14910863351574294	0.1267722727600458	0.10329742137381073	0.309518432105691	
0.012963734565589666	0.10270838378549194	0.021085166517866245	0.058415484604820433	0.16119781926515786	
0.2974277611673623	0.09188875818069389	0.0027470091516667906	0.04308078042494099	0.10659871959399858	
0.13812301554731027	0.2736156410987373	0.2975313044816305	0.057290739172966995	0.05430401919634955	
0.3091221325315961	0.2238272969647307	0.1935064403490284	0.012562549412778163	0.01946279223114239	
0.5922544477010213	0.2956339765302	0.3455640048784471	0.38377991583515225	0.38926877526589865	
0.22480015674209022	8.826118016738744E-4	0.25057157301413324	0.0238361435437819	0.06823363492987139	
0.2439389987446756	0.03152199235739655	0.45951212475911063	0.17196132735237576	0.6342070291956157	
0.04571740601835429	0.19113810912834892	0.1076963656421951	0.1292405382842078	0.03535838983664822	
0.004620701909621413	0.1489951320965999	0.16637642631405117	0.0341035462032539	0.015044860083388097	
0.3906030313732106	0.2897422563801396	0.04200584448926002	0.1864065597201973	0.12757060812069454	
0.19442441105093125	0.1636936527582966	0.05278658443369467	0.01824469251634022	0.11123671246874324	
0.0825456694622033	0.11830102870903338	0.16976593461659312	0.2321917975422041	0.07248064943179769	
0.04218995682385957	0.13910306309329498	0.2934881862924462	0.0499462075825314	0.24007578767076926	
0.12363830021139932	0.2769284873956899	0.18060872503019249	0.2363346700802928	0.12807900330992641	
0.023630596694825895	0.16056151864301893	0.3002316201927523	0.1672065758037989	0.20140768465060196	
0.4090531735882377	0.21154975058835418	0.04543589663179846	0.12232201116616555	0.06386223591411319	
0.06941650013432482	0.21001721482679672	0.24719286846501912	0.06955319657448082	0.11660824524148507	
0.6405893736855142	0.34239112800752736	0.4514303867926539	0.5906144409926458	0.4439213908582797	
0.10454605690507458	0.1157338236790925	0.21770070467456099	0.2009979398848205	0.11691116746894432	
0.31855674334264755	0.04372469275248025	0.28711066484425984	0.13065444022429046	0.37194119192797226	
0.01657369752428681	0.043762888432970846	0.2509665784795468	0.1485158980901315	0.04331163015741878	
0.25834198137215825	0.04197447816500771	0.23910788853398365	0.09009280099648077	0.05411794885057598	
0.6457345928093876	0.3067925901802752	0.5685375329120368	0.27954061759612386	0.6709668978881246	
0.07515086929862519	0.2482989231576865	0.2626210600330375	0.8462346155898064	0.3077998244367517	
0.0724743668606845	0.10015080974862456	0.23693736535888119	0.2762251576637366	0.052131376557694176	
0.03451718816109697	0.2486823438772407	0.25931045530061736	0.2663283167127282	0.12275060959309113	
0.6591388709809951	0.6384442150184392	0.37232386585002886	0.3196318387810496	0.2483620322052253	
0.0717717631138062	0.06745558758964282	0.2963637925722254	0.04306530749647347	0.28087558368161725	
0.02455080536276887	0.1440293645254759	0.052636333454117855	0.10405506275078319	0.17575316672209462	
0.18951119801946992	0.0355649059927536	0.1316628467172234	0.29038103413243155	0.026019728963381762	
0.19482164786178063	0.010747003080373532	0.016714277188471037	0.062694202112577	0.11062227398331355	
0.2786995315844561	0.11712366855055285	0.18401336587950914	0.06465502758375508	0.13782575860977997	
0.23820802287310514	0.0	0.0029384494539384724	0.0449463119464599	0.0	
0.08342939495610278	0.17656312543065839	0.15721430861603042	0.11474359169223361	0.19467918949290253	
0.6465246548748016	0.7123021566337842	0.5643612106535518	0.6770995584556574	0.5540328465779916	
0.47168932632330896	0.30751848682953825	0.3779738621501811	0.6100203819321541	0.25107285456173956	
0.16788424856164919	0.2028928224789756	0.01215707990731038	0.030036281417023487	0.23488508933535254	
0.27814628363054805	0.1451155860241043	0.47948899701318	0.3218480979572069	0.4260544065876763	
0.2723733213585457	0.06683451260890698	0.2961695056489905	0.0	0.19425080810283912	
0.1708047383707783	0.12926195309528238	0.2832409642338937	0.20689677855217678	0.21761999169941004	
0.41393179151756715	0.1803296188204647	0.3499094582510569	0.6396273417403713	0.1502871098036578	
0.11303655562906384	0.2445183182478034	0.19737686379055053	0.08693039341953082	0.06425206680376089	
0.4084843794159219	0.04069836738110696	0.34743864174030453	0.4776774120785706	0.21489580890006857	
0.1015223569818347	0.01823541407596517	0.24530298968332398	0.12232468097934235	0.04783794047502961	
0.7332519401702777	0.4819474154327576	0.2887359026890353	0.4158765154752586	0.9454717089686031	
0.465840880764034	0.3067128484553451	0.35009057459723397	0.3393756683924161	0.20094166209190834	
0.013088738599496146	0.2688680404335967	0.06040913544925234	0.022859156473041212	0.18026636120796935	
0.07156097810078343	0.37582468043810924	0.12883795611416898	0.0	0.10600252127295955	
0.6226472950949399	0.2905547456756852	0.35318753776915746	0.2770958186492818	0.5126953892623232	
0.25170720491199033	0.17291770844122037	0.04712764263544098	0.21918418950926324	0.23440954184716872	
0.20313478124472442	0.18238052534182264	0.20922027943462776	0.020282029985554943	0.004095060419616918	
0.2565126875973797	0.17725411141825706	0.009216286398263317	0.25707985848754333	0.14271380425205932	
0.2691038028866743	0.1351420599784421	0.14527841192224483	0.2849591658253418	0.19728196877597423	
0.04219191529249257	0.28947736551334463	0.13423582400008846	0.07902937408904072	0.09074153225709301	
0.6536006297425774	0.42751221728132427	0.32165855542490324	0.46598438597815356	0.617953417644298	
0.032642496610622074	0.06246726462478942	0.17493564706666365	0.005343701364187865	0.23000239846786574	
0.36346446222733725	0.050806077056326865	0.37753248700187836	0.4431738655603207	0.3380903045966686	
0.16305612923023247	0.1356975790319901	0.074545991556751	0.14948035663529038	0.28837959594765544	
0.30909988862906634	0.4575163328451243	0.43157040926677015	0.1465997521859319	0.3842581365310379	
0.06690996595750585	0.022832437535317933	0.003703413696005279	0.1795790533935032	0.1491692625400482	
0.3315473454870371	0.3286832182517123	0.18376692351380208	0.051619922164734114	0.0348320434435345	
0.2737806024781284	0.06895342776857835	0.14703241134034215	0.1282949548890389	0.06451952702584336	
0.08050225110459787	0.145602620857177	0.09543764339532015	0.17112608136512553	0.07022252981074407	
0.10703830139235798	0.18634716209844363	0.05445845259431492	0.23691712605012535	0.13659254111959904	
0.21139064846184646	0.268047147873041	0.09701564634245423	0.15942844767069939	0.05838782248252998	
0.2513619874645056	0.14757419218195023	0.05319256004672415	0.25304415054860907	0.011157153312886752	
0.24079711436528853	0.20416400034978327	0.29768001517133136	0.28322859537938816	0.05608748698515238	
0.24853689761849002	0.09936927175458857	0.05641889414896078	0.15217193992091516	0.11076826385836899	
0.13548949536856536	0.2290311529290197	0.14555209762802188	0.10378090688143113	0.16661833423284986	
0.4129802274068873	0.5167732387453418	0.1507580997318217	0.22683655445335063	0.3409123985972291	
0.1837262174820119	0.05073079673437148	0.24260683701035185	0.23961888951608576	0.19296696029495536	
0.1443530104663626	0.29769730869916894	0.12468082510917952	0.25835974912255133	0.26140662627789807	
0.1533927056606452	0.08051270961348737	0.14800514607514106	0.001388971466361479	0.2627663611403507	
0.39628369345573294	0.5681405674099067	0.34224436668308733	0.3168452726001858	0.32268534322268183	
0.18405191681762645	0.12853703196733934	0.039094945696305075	0.19957588502232168	0.1027762215071119	
0.34653980401782525	0.15381420778134725	0.05061464604886141	0.1122272512807703	0.19298598060606503	
0.1824197958099257	0.1947140933639692	0.13771437876164014	0.19017047893411343	0.0020654767013980517	
0.35426095045923744	0.10501450917361306	0.26830424167578415	0.20932426403255439	0.41410673042788193	
0.19659703857372623	0.49693170161296496	0.17711526650544585	0.2310893258204459	0.4199583110521101	
0.5337555700838862	0.42702348685996117	0.34759815388532217	0.3610994082701119	0.4521676189221764	
0.027413738929856643	0.1854337628287594	0.2350504015003607	0.2324419579057961	0.006060177780449827	
0.3019737745245931	0.03090172016964991	0.12356273539818714	0.1742617404986194	0.17717115250984847	
0.629607653535717	1.126576042147725	0.8173957919119368	0.593885220008103	0.4034020155582081	
0.2357196388382711	0.08827846111844719	0.09144206164258907	0.00202788177953651	0.21091534384785562	
0.2626731498991706	0.2714092746009272	0.2650773373708145	0.2001234691604821	0.0180740302672937	
0.24713527579716352	0.04724622250960465	0.28635352027555244	0.16157178217582685	0.19968825400133003	
1.04915524489174	0.8446806250040662	0.5046081119818974	0.6268186908689278	0.5050925479625863	
0.21283291442841237	0.14464227128164533	0.27071911360359285	0.007925081920601635	0.2932074418699468	
0.28714104303247867	0.12974777690256364	0.3950278972715465	0.34318489542852953	0.6988120119420719	
0.4970552275126606	0.392223217826811	0.4277367206010865	0.6267012328615793	0.5295425143492929	
0.1961702458030005	0.11533627165623551	0.15939661809122826	0.15709002859515028	0.0549566538709965	
0.230332652638558	0.23697416683456635	0.0	0.21868492633895045	0.26470162097442906	
0.6314640058550495	0.3869388622547807	0.5103028867832186	0.7735509476299558	0.5966293558670936	
0.09936002391850214	0.2843610863091255	0.2663366293741379	0.014587950571179809	0.0894938164732204	
0.31183995643495155	0.0634342332486352	0.03220450572508212	0.19974833872599446	0.0	
0.050041142998432965	0.08562669148956707	0.08254628429521199	0.1375798785373542	0.2950712330904728	
0.40907342778258476	0.5732245051569165	0.3847477328613382	0.31796073577806294	0.3413805354062075	
0.29859347078697196	0.11129467578342624	0.5544327463295459	0.23913377323031207	0.38346990525207497	
0.290752726467032	0.22787282274798193	0.16968482756803607	0.1303606652997922	0.06448342611733308	
0.1770853745400587	0.2701645599802735	0.16721027585866965	0.10162207535855952	0.13526588402817558	
0.28763450665338897	0.2422410607713925	0.03454058697576175	0.210002543542665	0.12242672376620099	
0.0948271496065267	0.11528175652967389	0.25561205472067194	0.24105925677588844	0.020062896915839703	
0.10644454803503112	0.05984687649220121	0.14380933076646493	0.26692405507900907	0.07490744590119369	
0.048377088475855756	0.06250427984085352	0.26730343361473374	0.11103691504694119	0.015458682201078933	
0.26099185232459926	0.2821481887271752	0.28167927580994434	0.17587222175723988	0.17385155095587312	
0.6891679502643766	0.8159364016284955	0.5119720918714898	0.7361669168567812	0.5106665766854598	
7.701536430985095E-4	0.22610132912727599	0.017429831059662598	0.29003120807035077	0.11099233661908633	
0.16110954207018033	0.10750968682763652	0.09770684391986081	0.03904607385108515	0.14939516116000448	
0.0	0.0	0.0	0.0	0.0	
0.5687175228101206	0.5419112371228424	0.8158708084214661	0.7002547893263387	0.39314368316934256	
0.22158170498119875	0.08273243900204114	0.07421515230000444	0.29104536060121877	0.21446722678416597	
0.5643305474443735	0.3862527182953376	0.34420178646623434	0.5634861647830938	0.4930207766938045	
0.20854717959153457	0.08655283597336219	0.09758673714367345	0.018761324770198165	0.26613815552369213	
0.20104803292233348	0.13363155494650933	0.09053864335666266	0.004163571986790032	0.1552983815189668	
0.055645603331191736	0.11074821411516131	0.038750855210950924	0.2579879470996618	0.1732673053308461	
0.12864161169273605	0.7489148058940565	0.4383787750075541	0.35817332648239586	0.08962704054669095	
0.17629988549486678	0.183156601449105	0.15602817976429248	0.16325879512548147	0.1328363996172526	
0.23927208328422142	0.2072607071199321	0.14377081497855407	0.40386959581542625	0.8909339215355987	
0.28884556209321377	0.18552858641363146	0.22117036299871679	0.1994445793497983	0.02910710271143506	
0.1996036590462214	0.2999504975582996	0.2595011890005534	0.17894585534418506	0.24293165541017878	
1.0425553387877124	1.6585385989703418	0.4552076746874345	0.4625802602336494	1.0650829868197547	
0.09402842474060268	0.4589036936890338	0.3224733368646955	0.30981436317430716	0.46103312236049127	
0.39557663739434434	0.31604956258814487	0.10230820936537947	0.15433407872827015	0.5445671613556328	
0.14830749862159298	0.2822649282553695	0.1247408896879089	0.36092795506990494	0.1831458564822337	
0.6592825497206338	0.24345175840295144	0.3660193364917259	0.44959727525012383	0.16642965156790546	
0.052830312183390335	0.04415133409383195	0.042685326208718115	0.17512127182972517	0.15031499411571494	
0.14154088217535685	0.030390342922236312	0.01954270289340436	0.25256167386049827	0.006408286544351009	
0.06604961716689456	0.3452897786813565	0.2759606388413197	0.23152396053164587	0.525626951306212	
0.09704153722432216	0.04334899384317149	0.3146442006522876	0.2539029780970365	0.5154676235196074	
0.0	0.06803142094499644	0.0	0.07745465007593427	0.12642081794062388	
0.12753089351161923	0.2782301199889847	0.3883332412083781	0.4917886700026371	0.13555679733254433	
0.271167766311099	0.1856214997294011	0.21835822533988197	0.024900861420627887	0.2878402319791227	
0.08304996633620154	0.14681721092707267	0.037368945354107674	0.14615764574769344	0.07222362181681813	
0.263553048478133	0.1670000332414432	0.4435509958919043	0.3278195447208494	0.4010193116480857	
0.06561460037197628	0.07564305138677924	0.08740827618136772	0.0062655075983089545	0.15876320393769508	
0.28727496656039586	0.2909481927949266	0.18617846589261522	0.20671824236555503	0.20145537545097364	
1.8177561557145554	0.9689232084977526	1.3606645426217183	1.0268969012367366	0.7964690819589721	
0.2923132675535176	0.051249621324213734	0.2548977455773619	0.10194034823092893	0.2014919210733209	
0.13430210524891548	0.06565120875552267	0.09120978011075957	0.08687957234839189	0.23963164887361754	
0.06330740447154823	0.14237632363456024	0.024608013493034854	0.23089161753831433	0.19150917083674188	
0.2857056335979923	0.2050754360928868	0.20846887988792928	0.11507271007068588	0.05059290223503804	
0.10887723166014207	0.1589318869126756	0.09423115957019144	0.21252212484257962	0.2577337465678377	
0.2674679645786771	0.025940410720815824	0.09510331326065032	0.18478702088314788	0.26279826659503935	
0.08647630308452463	0.17470411931626606	0.05942004532773255	0.3096565114725283	0.04554474311198064	
0.13897822493859266	0.15719234578073388	0.29991128079360857	0.23318712319909063	0.23605688801939537	
0.1069837725083582	0.2073505192251825	0.10671513895059093	0.2547501939510518	0.18413139153295585	
0.07203616477118782	0.0	0.06807725964384088	0.0	0.0	
0.053274242306451274	0.29181600396956947	0.01340108745210348	0.283581298860894	0.2931997027471709	
0.21813554826084927	0.24402057787807088	0.030202395839281304	0.24607072489747198	0.10847173819799891	
0.5632547671542874	0.2264089344461557	0.4947260485903349	0.6464399112323291	0.10217577262443256	
0.16338714186245648	0.10973813898815571	0.14034766640650478	0.2591080166025301	0.09482337952705247	
0.6132110292314917	0.6414084107984954	0.5603315448007915	0.701050972767304	0.5638302194230795	
0.2287729629622617	0.026888446863393808	0.07779680680998054	0.16986854927975648	0.05416749444174239	
0.011278735172584545	0.06980504074506252	0.16377799255295006	0.110703493815199	0.25136142097876396	
0.06357911973790722	0.05046593637062022	0.22385075813253263	0.20266302248745555	0.07766464256109631	
0.2871763567529318	0.08773290441401504	0.042213452004072415	0.13849464671763018	0.10763164715915849	
0.6045500862273055	0.7017669240845061	0.21842114100030344	0.6792811555565387	0.31655183226982414	
0.14177910023647528	0.18911794570027415	0.26165894628820063	0.2819958901768032	0.01680701625991067	
0.2913292260272621	0.22875294732550813	0.25722829764915744	0.20503632596187502	0.1980915039987989	
0.006137022143771064	0.05628444633993642	0.009629248192351903	0.03962605229805104	0.10501381873132305	
0.17880816233440014	0.274305168034271	0.00825725928627471	0.24777758392823762	0.03419161368611165	
0.512452247601989	0.4326279732679358	0.44217565888273425	0.5305988153339163	0.3849791914720616	
0.723889948042591	0.506402483541015	0.1685779524105858	0.6318691300105858	0.6542625405874634	
0.07424090512193979	0.23459582341277252	0.29552946159272914	0.3379507094342838	0.41387893998811126	
0.2989287555991753	0.11797888225781697	0.17487444877893493	0.18786525351621652	0.2073903973888158	
0.18898768656943404	0.15869613326152418	0.15704558261325607	0.040050070929388205	0.03308245434055849	
0.07375668471705131	0.26025513511397025	0.2610223036092224	0.11471114169843555	0.27739281672633465	
0.06886582504113362	0.26984410183840507	0.0030334823508746784	1.0665123474276348E-4	0.05847005805910301	
0.04522269287763961	0.18719071218175215	0.049806250731534246	0.06078901846505426	0.27913303112028404	
0.03359326229680996	0.20168086313589204	0.0967810882153755	0.27504317521641125	0.16828792017792735	
0.014724970104292436	0.11027846959402084	0.21130083866977867	0.2297587529383443	0.27963601871971683	
0.08675101641912869	0.21940728638216528	0.1305597211677684	0.2138209881394306	0.122739356066301	
0.09036057601086274	0.18965516523361892	0.29794121529569934	0.11836274383377139	0.028175111064698152	
0.027537847469374783	0.09614775352459135	0.08222666755180559	0.20894606752303768	0.17675310667039482	
0.1126694287089039	0.019991353732145285	0.1210467439065067	0.20228896374734404	0.13208413364102317	
0.11866516573633444	0.17033066650111015	0.08131987169479063	0.21692785246017746	0.1621485544299196	
0.25451369090317866	0.4830380040868508	0.4814066941743046	0.45688316001611884	0.36525006312820896	
0.05396914332913658	0.21076328294900987	0.08672338929663465	0.021461200365286356	0.12109256287017851	
0.270841889452619	0.1204737390755633	0.24524109608763284	0.2017543111276376	0.14294516764559848	
0.23130327899148015	0.31252698371029297	0.27998430879031055	0.24623225753457326	0.37193545281153456	
0.3884926406822072	0.11783491362689152	0.09866219175459041	0.2235492326024241	0.5249268866181724	
0.09569972124007912	0.07353583774927715	0.11371788801790082	0.12943774226161456	0.18318386216037594	
0.2980350451402393	0.18770197528818966	0.21690219340249386	0.19477923220188514	0.03999645835334409	
0.48713312238157785	0.7320626584293474	0.23499767370154281	0.760276397402388	0.5519000896128778	
0.07864543283219802	0.1792532109986178	0.049999322374675415	0.38015552656089946	0.10423758116969835	
0.08676187111214494	0.06262517041775477	0.1474053467465612	0.10012457270620563	0.2191020525885779	
0.08481051139709601	0.12921247481871131	0.1885943730230171	0.08180214310682281	0.2849603281186601	
0.03792494778614088	0.18589508108131728	0.0021446231939593946	0.22733371361085616	0.29667671011357977	
0.240883705521647	0.10445302730249982	0.001467430763169762	0.1710888534787909	0.04686067148938261	
0.09503171235163306	0.1720844753127784	0.2515465593430417	0.17027130912596355	0.10183415914955492	
0.14773469900771796	0.1654529456375732	0.008093794497584626	0.1865303924426172	0.2522058312029649	
0.2801248245310923	0.1428349135138516	0.00793256238131142	0.2969529012174809	0.04956601279040668	
0.0	0.044000408787305115	0.04165958098272464	0.0	0.10357421224639243	
0.18429004362956425	0.26468199874344184	0.24062611351491134	0.2082245248688431	0.1437708045520847	
0.1758698760394251	0.20504262892685005	0.17189972005988086	0.015250861948190914	0.26764939928090287	
0.06530263703511256	0.29491855230693603	0.2457305454616289	0.055991124282629645	0.22005207715350883	
0.2569208811053999	0.05144147673103227	0.13823609603193712	0.15282308268213146	0.18812273369053278	
0.11255651507312522	0.14444634541732057	0.04233045162429151	0.05837762409324667	0.20484311104809141	
0.02715283695355474	0.03309271033740538	0.039523739285289086	0.2818142451705846	0.26003529142947185	
0.03609989754899405	0.261337026441888	0.0	0.1468662845725707	0.058917022531562654	
0.26105106559382624	0.05020067614719489	0.24469069390589102	0.2420228875030808	0.09391769167474784	
0.39496500536763957	0.49844706760438495	0.48183297159127514	0.40238120398207816	0.17675687004202062	
0.03804475163677644	0.2567766405054437	0.2833103265039018	0.10782324099624847	0.06072970796780522	
0.17055638442120916	0.48873592562425283	0.3700274072435619	0.2745234986662945	0.5440943470027017	
0.13952677963039814	0.0887502504231232	0.21105433633479692	0.0846872669141632	0.09729242428910144	
0.24870303904141922	0.056704520491586	0.20553693557224195	0.1240487710567975	0.2204797009835085	
0.1914030344047196	0.010003037731668765	0.2462394542337425	0.05981425997473566	0.07632852608965217	
0.017511423247973182	0.15224606364787033	0.2401996842023459	0.2640553350069996	0.27739477255583983	
0.0	0.0	0.0	0.0	0.0	
0.23812307434847926	0.1220193341631416	0.035198577640138465	0.16926498050368102	0.11925646773759233	
0.19702089390970062	0.1626234466263726	0.20415355247122818	0.14370864867044916	0.11746518494108832	
0.24662292384162307	0.09241107813677503	0.022792434069258592	0.0032036181313598922	0.15744849985346746	
0.1793194568519891	0.12168042969052148	0.18096360852956572	0.10851035353900129	0.007082775503348194	
0.1882874881834863	0.17439403929417813	0.03438930829247905	0.0	0.18773700160101667	
0.06316472315563655	0.23360185381315618	0.2338038632557192	0.14747486291573048	0.11361359918599861	
0.0	0.1849334654315813	0.217303879928992	0.08307723493522723	0.0	
0.28333747148033966	0.04573393048035799	0.11984473871854623	0.03878790803504986	0.08487680510974138	
0.20097849923471095	0.2816271407647547	0.12788822630387103	0.014582060793287882	0.23140128849235625	
0.2770159625181635	0.21908423446985775	0.2818053267012158	0.24797387773921384	0.2803746153008094	
0.14019905070582567	0.21876176392138094	0.17152310247584587	0.012127359185394003	0.10796897984146818	
0.0969415955806536	0.26196880680828927	0.22029744082699187	0.08448414728200086	0.22082475946782307	
0.09784427659767365	0.1233662308584209	0.29708854458375633	0.038568139516837595	0.23312921042721876	
0.45572281972540973	0.2246877952838881	0.22667147907526922	0.36050175009503127	0.5192152301662867	
0.06723299395757412	0.07317286055157522	0.11390404165116261	0.21740386909112272	0.014573251323495297	
0.21283542567076094	0.009487433705228221	0.06250159463826356	0.07052353777884318	0.13165073505334277	
0.2758613471584314	0.1434752768922713	0.0687206922766707	0.1130803364239098	0.006110727707836258	
0.17055732931264794	0.18149572903945596	0.18888071840953868	0.10917567970656662	0.02097680993319113	
0.20840751927807485	0.25322433819965434	0.12211368281929309	0.19173309001315678	0.1448654376072361	
0.2258905625872736	0.1386000002917546	0.1630969595601564	0.17378492276405905	0.0812886814400869	
0.15142517665802244	0.22025664712848092	0.24622644013730222	0.19264621348834574	0.2154424407599716	
0.2802095828933539	0.22712057687390153	0.16785048137716205	0.022579078908191177	0.16678915209561065	
0.0	0.0	0.0873496106152145	0.0	0.0	
0.03222541470833204	0.0	0.23177648843703738	0.0017922182009752598	0.0	
0.0644963602267678	0.007540307958911909	0.13035947344547097	0.11239892999241989	0.025205785047144092	
0.3001079570482733	0.23217778144275206	0.3502343402807177	0.2541152985211268	0.2682447958892552	
0.04377136541565126	0.22408618516493206	0.07245666200591948	0.024086894308136805	0.0655679387008167	
0.25671847359009853	0.26734412872715313	0.09963803015576637	0.26733154909790907	0.0650953272697455	
0.14985338810818602	0.3015342483160583	0.23594946521017526	0.09424378271950298	0.05613008730084089	
0.2720949308589622	0.20035424137218574	0.19369240057985782	0.08816825469339326	0.13253819498969474	
0.1791047980757235	0.23029240815428606	0.023291748132102837	0.09877162821118221	0.10853261156787142	
0.2608975351782342	0.25264137260534775	0.07184390602256502	0.04069270752813576	0.14965939309455117	
0.15076867490126755	0.12545514259062496	0.16286874835065168	0.2931852406546961	0.28345435664002977	
0.13997699158625765	0.4145973469031141	0.2234575764535872	0.3584206312014714	0.3657890370769786	
0.13347083620980454	0.004032131653401916	0.2355708018733441	0.021036919863568714	0.25085128139709817	
0.0656647572228509	0.2426224155823062	0.23382426230478331	0.12117038332736207	0.2995528038445897	
0.11108147646871736	0.24376494667342705	0.09761406425651926	0.2240690237511422	0.0032194695727133147	
0.2083901213036573	0.09905568051470336	0.20380972066494044	0.27664216589556584	0.19504962297619793	
0.21311626848956358	0.07580231540065178	0.25142903588231974	0.053102815104888464	0.25565538611938426	
0.04593293647750458	0.11377914602878023	0.13133351941035637	0.29950465234729523	0.05447212968340632	
0.03319683189484904	0.1170521359039764	0.258781492745942	0.2514506639030402	0.07761777077194996	
0.15633206021461757	0.15382670716126018	0.013777379620865601	0.1020823342156897	0.01716161729532748	
0.026100939416335955	0.0	0.035576649382436	0.14424501162332745	0.12482962626482874	
0.277816773157039	0.11196729457111276	0.04251071742824201	0.2733102630759219	0.23901907546036424	
0.0876672812581333	0.07238237820317478	0.015517190238322869	0.19136354740431655	0.13444159396080715	
0.6962889106129029	0.5501330996996459	0.7428123375343274	0.9172964501785241	0.3114393754958	
0.3385463863292042	0.34513480114900896	0.2210503619127699	0.36930990867965136	0.23863988424806257	
0.30861433619854034	0.20695900927981328	0.09034105856697182	0.08163451364376155	0.16599385990106164	
0.22026573972836214	0.20113274818787905	0.17726215370999415	0.22450909899461727	0.20184511823926665	
0.20629287135132307	0.07644592101279708	0.1237510521405002	0.28335075032753204	0.15458863018805308	
0.08918575222524724	0.07312620055908553	0.08425264917560442	0.0	0.04726009920288283	
0.0158372490226909	0.18268841633281496	0.11863090618006294	0.0248628005582708	0.16034887919102944	
0.22347598505137256	0.2552990552096296	0.2524216171961177	0.12762062638137273	0.08067173857492184	
0.3205961117107459	0.3866052599389005	0.3795045363386308	0.27650640321006137	0.09185156974779851	
0.17435931204938082	0.14943480372590312	0.052636804259243414	0.0553414029206576	0.11537775882224931	
0.050429754170078916	0.041927956120758496	0.031304450738887005	0.10220795803530983	0.011344338095424124	
0.522644321106816	0.4739848393850783	0.5477029344065766	0.8129881296305385	1.067261518500083	
0.2912235975038307	0.29585537970449616	0.26011500482417105	0.19975915212331094	0.2380480096172516	
0.05393158150643371	0.22780578722632663	0.1012966571020573	0.05362581438035631	0.2724432750978934	
0.15782144473436852	0.0	0.2434557330478174	0.21276670993957492	0.04179849875114621	
0.10197824364492135	0.2764023164639588	0.17184458728499682	0.07401528466521523	0.0	
0.3802912697344969	0.5696557633266215	0.1804661364124242	0.5358204615907569	0.5126727109356402	
0.055182518066033616	0.04199103138688865	0.13825275178761653	0.20633689328160743	0.18096594783955683	
0.13906253642803398	0.12722163291053726	0.27280213746720755	0.0908554244530704	0.22037656142808254	
0.33896043376100654	0.2535738631520594	0.18606699832023585	0.32576571748594685	0.17462019392791078	
0.4629602823352026	0.47578659846496985	0.4218117622456829	0.6316811591498483	0.4402746321897205	
0.3443336747617983	0.6454080170785443	0.552651523003296	0.3145576909214085	0.3287042853469444	
0.1746230723172758	0.16417234689424529	0.035748124386793395	0.181792287273097	0.09553683750924258	
0.11765280619083188	0.26761779576420863	0.18366553364192145	0.18080700474022607	0.23642305061357602	
0.3900141499376299	0.2752401032887576	0.4983489167583768	0.294559496389149	0.20664505361643898	
0.062480940170268624	0.06525183898647423	0.18385051147571568	0.19449896421330234	0.25169989376828944	
0.29890654320582727	0.27206030467597603	0.2758599884417638	0.16479105752652207	0.037555463185741815	
0.23875895209370543	0.40577896034152805	0.06623460034321982	0.3663784390448457	0.13611754579143867	
0.23780811551359884	0.12250508783382465	0.1172934095221448	0.04298915251868194	0.11044417512939211	
0.15299944751194347	0.06499673092481717	0.18551418554963012	0.1950771943081157	0.0648696121696814	
0.031853159471382064	0.026795189895895577	0.09269043095629867	0.18601739401350645	0.2788562601982759	
0.22933474143767485	0.0058238141014949054	0.1734450940546814	0.18720403279564168	0.009324309053083703	
0.045927671753041584	0.15111963884361895	0.16571392448172884	0.03643956164800738	0.2200075388590981	
0.007906981992861753	0.16606580320360564	0.09687934063648342	0.18802293267513726	0.18281695142825094	
0.04060499381499163	0.12938271720218916	0.00559307030312542	0.002005803317382689	0.0896937280679509	
0.17754493564531884	0.25083140847933943	0.2513359207300695	0.07311731604403049	0.1976991971611249	
5.562438971889597E-4	0.043861232243695994	0.2147585837233692	0.005068582496799733	0.07255432267129305	
0.11481059778797398	0.18178707892077695	0.1306131042172678	0.11244713092728037	0.09016297751191603	
0.1647017736542017	0.3252624111081351	0.06804668161997643	0.5969857879460331	0.15364191208261957	
0.09722641408956313	0.2815065839297906	0.28784846866822733	0.2271046327646633	0.08705903897157352	
0.05025243069725294	0.1711188207839471	0.2196571434614614	0.0687974334268306	0.16826922323196422	
0.008257378136882633	0.29332241605843695	0.0040198741012307665	0.06458004012121217	0.17680587292138994	
0.6693557943270637	0.6035044027543448	0.35145271954847807	0.24372485019040083	0.8111763641847652	
0.41544699077834374	0.4556035880154379	0.08423302023557204	0.08333160333888001	0.12305723620193754	
0.2041114882690179	0.09263723142135326	0.26845498575788174	0.2747909191500555	0.28094162994261934	
0.04852331670581387	0.16025740085546514	0.11887364250923511	0.2049311693277036	0.13681847234399042	
0.2961282426519517	0.16670155652284366	0.11466277250228497	0.08058619665853599	0.2611305408196741	
0.36651258929672914	0.4448232467838542	0.6129105832081121	0.36347086426767994	0.17485473974303484	
0.2893559925997538	0.28138759862339324	0.09053773075189804	0.21505902321987724	0.2401082285076959	
0.1105733778872072	0.017927829101980826	0.1954791909038116	0.1657590455339841	0.17441724486256147	
0.21958148446252368	0.1498695891337682	0.421078409664019	0.3913691581451178	0.0812798015539607	
0.1811049390952606	0.18360246319602522	0.006551035251580316	0.16172626289600658	0.1904256795927891	
0.20984616390072786	0.03802571114641935	0.30024877073735073	0.13554529389741807	0.10066890517234663	
0.13968787708746655	0.17955727414363873	0.2301462482180314	0.2874701992042769	0.07497222229997659	
0.1508165624642923	0.24219097584146182	0.08114019586279629	0.04122570690226861	0.21646573845252093	
0.19417422801884368	0.22600213757964321	0.23056829979213092	0.2873652344597712	0.24565164015819757	
0.07330022132243533	0.24452815504972275	0.2761691657713913	0.08105678804821057	0.0074023528694186205	
0.1074737419119015	0.19193307720979919	0.14492338998608534	0.2427521367666954	0.25729616064509025	
0.0675689777163867	0.29550973869972463	0.20910974681404385	0.20356454031739	0.1499733783247096	
0.2625296703684384	0.10742466148021543	0.07991666404797731	0.0	0.19146347383121018	
0.24225053579510106	0.2579617802365333	0.09180460102373585	0.12500734809081926	0.09668000339639966	
0.2629718317089711	0.39924249578435844	0.2507088698692629	0.25337211933630494	0.4183401419526539	
0.009548589798570229	0.02353833798641836	0.10724592502890458	0.1624958198482114	0.2694553465483107	
0.25071293043725584	0.12589793738034236	0.17724598663491964	0.2116546534939333	0.15157691607612395	
0.222765211828015	0.010858758416876122	0.15278990131513115	0.14403149444506427	0.3002375927194216	
0.1646292143118814	0.20771660319002583	0.12588020849740203	0.09400098619011656	0.2519656906129433	
0.2495115818285896	0.11999466812670738	0.03987518665488114	0.0988377910968936	0.28999468419626245	
0.11319938641621725	0.23138812723487884	0.005182784740908632	0.1145558475462098	0.005107321357576452	
0.004084742112533541	0.17360075258641772	0.2513997279193441	0.24550740969762222	0.06829453034912292	
0.37242192913826344	0.5725395420831254	0.5975745128116118	0.45406257889575913	0.2649214586840203	
0.2877242387024077	0.30830583042470505	0.21312395527953315	0.05616259679807944	0.060937287486353964	
0.4023244962311483	0.5005246174200315	0.18965048998455686	0.46306166858137865	0.500347015850822	
0.07937305635125393	0.23462149831432136	0.24709702961526597	0.05991103626159845	0.011834317601874676	
0.11854140302292085	0.09879630530926142	0.14309995158778818	0.1394346734054154	0.2336443258938185	
0.12791521788780166	0.0	0.23209807024792384	0.18123028176128206	0.20721914992042556	
0.2369455144369167	0.17580430141370473	0.16792041532084548	0.1462234434393433	0.14931187389225808	
0.9220279071961066	0.6634717408689288	0.4367253967096432	0.57340088415554	0.919002409613478	
0.2104440492717885	0.2907882136641187	0.11637777514543893	0.14681806304172842	0.026983263667847077	
0.47955665515921314	0.21975912233226774	0.11151337397743133	0.2186638595866525	0.6447950969907837	
0.07020998372399026	0.09712828135593647	0.04027810008008047	0.013503980855202826	0.259289608384158	
0.13414345034848793	0.06114859457903232	0.11382796736313323	0.19820501404743865	7.325110305559073E-4	
0.1998892096731826	0.0	0.09201361057627191	0.017955381748814427	0.07418495127932018	
0.5560254378337139	0.4843934823376879	0.3533700391563668	0.44471415869979136	0.39089990784395384	
0.2725712504543425	0.09937948730026366	0.1326619940682547	0.25148767750659284	0.0854594262973903	
0.20308469766057227	0.24504589239626318	0.27780906010606754	0.07365179923032365	0.07611708020673076	
0.17087403969217482	0.20157354679217884	0.18816614234373677	0.1027931983049369	0.18624908675596533	
0.2569568136826654	0.0	0.0	0.07880179307789129	0.0	
0.09584669755229529	0.06993048650046163	0.26908125576789094	0.23765251592313436	0.1698719015896667	
0.2995794362354177	0.159242804486647	0.27860896511466116	0.25420497851277213	0.07295626735587568	
0.11275480024886024	0.43323482516163203	0.16393240704655035	0.3736233350020786	0.39428077408884704	
0.3103073703167562	0.015936663902965012	0.200338155833685	0.4230365902343512	0.08295923216168435	
0.04144604548647161	0.24326422283869348	0.13895011759210993	0.2889564828131641	0.020630482301199696	
0.09462787895335832	0.2683373520643752	0.0502744558373722	0.28929793979011115	0.013612567800762638	
0.059415491476537574	0.12434048073930813	0.05746230707626705	0.2517472972693126	0.2766049280907453	
0.14042441646888432	0.10209002276811058	0.1470648746003405	0.02602759245044469	0.29698035313012144	
0.03425812938500609	0.260019700927299	0.042916846712116666	0.16957833324339947	0.15450479035502124	
0.28533439599258215	0.2957513316382551	0.07845567546907964	0.062101976501271715	0.25575974362631776	
0.19076715534713903	0.24244676563320353	0.08987028158516837	0.08654551314114756	0.2896762721057913	
0.22589110295308562	0.416048591174431	0.4250105658522636	0.19921022452225168	0.3410971986433925	
0.25149182550776805	0.018566271996739367	0.08296652507576481	0.1900785757666599	0.04653419567510263	
0.2963441117621866	0.2991090802313675	0.2603771128652969	0.24632847379005146	0.208522714511383	
0.17176882986918504	0.0	0.171261042445947	0.09518368738502192	0.1386660146791995	
0.06776979914292663	0.1107584360621993	0.023577721371251806	0.2919591728985368	0.17818230529686158	
0.17262658797114339	0.03282892677569775	0.2191157643752429	0.23650481807162585	0.1634793809454847	
0.28393419653568697	0.5498678799906924	0.6444931233803959	0.3811486368946645	0.17240938198338807	
0.298195142990895	0.1519587048623071	0.059211826486637954	0.2680581508011355	0.22969195735012132	
0.2543962536424946	0.29263263804134054	0.029833958632659165	0.2078701282754479	0.15755202677855498	
0.2273328032603092	0.10969835931452622	0.12722964781150983	0.17732343561729205	0.2956308051970248	
0.19501001182781572	0.2974425494802307	0.29058431140423563	0.26702370961505933	0.19479381873806728	
0.12820162324381326	0.14686901305876407	0.11771361346742404	0.17440940149027384	0.18427865800699889	
0.24815442839383772	0.12475363067522363	0.06991087950580774	0.15796013761943456	0.06710135723188751	
0.1209047351338286	0.18005108823808477	0.14889506941908448	0.12121088020465644	0.23171877553391254	
0.0069877589005033075	0.18241963663103303	0.2167866465791902	0.15708609135513352	0.04613453285644739	
0.5593539344521058	0.35755658520663613	0.6467110049037602	0.44095846774462505	0.3255328564466579	
0.02130195970990212	0.2142452836799014	0.041078934508129855	0.08686598122671225	0.10484926174929123	
0.062177258568388065	0.17985948927832524	0.27879722078461433	0.3017706471194703	0.28032145694296334	
0.18142132626093355	0.28128849137960005	0.23558686488279446	0.20818727080899635	0.05650477748930272	
0.08442339769724955	0.20880939793530673	0.03215740831958273	0.2987773692133701	0.22638788750900257	
0.012347548288575524	0.07643068315191653	0.10475258292572734	0.23739221683140177	0.2713735600846564	
0.13882481742107874	0.17559888246158661	0.21019998086195188	0.2260602907631293	0.11917619972368292	
0.05789080422715274	0.16992683491026725	0.18255960464356202	0.16633692398081085	0.1055495740895952	
0.13652899987091427	0.2251339921940145	0.09926655335198843	0.0026739398976548413	0.21242691972925795	
0.3268909849428527	0.5658524427196546	0.09283394081388775	0.26245613759591924	0.27375917542757544	
0.03657904241784873	0.14992592677732466	0.023097363783768424	0.20568974507070933	0.04778404057753481	
0.09219169434195042	0.06906800400471691	0.23761259543276006	0.06850467921579179	0.24191984457234214	
0.025684496092636486	0.09039287299511715	0.02563103831671718	0.06803273399624186	0.0023383268856050597	
0.2912921310721797	0.040975282138668204	0.09250154216627912	0.14098381992588557	0.19007755462865128	
0.19287119004377723	0.24121455085771787	0.00900763200699526	0.28435415780261597	0.04694480002153188	
0.2879408911504033	0.1671770980996533	0.09247786383350476	0.22222537619361263	0.03459343580229282	
0.0672244215795866	0.29308437350511524	0.15009056530433137	0.20613451866733187	0.25956921801563804	
0.037269281181021484	0.2839951404608215	0.28780464163411473	0.06029015962485413	0.17020273329828797	
0.05366072741245365	0.1268950604914358	0.2976248666356107	0.1614880987789785	0.12193450563973594	
0.17293116512629614	0.28765192222065394	0.034634192461705515	0.11939082006273055	0.2865457981625428	
0.04370827844496575	0.03253764436542245	0.22303105462231554	0.004414049578602154	0.19786637995821044	
0.008768538069863281	0.21145002267908233	0.1957058371421392	0.2922391315432665	0.05805500573467067	
0.00905672136514797	0.09054724864850075	0.11480133213133241	0.17678599583473648	0.25286801479300414	
0.6479098114036334	0.24625150286215094	0.4468894972667862	0.36538827465170354	0.22574170401807664	
0.08175489150350883	0.22132502253377923	0.22369066205469176	0.12023088286954177	0.2429054374388041	
0.3596083013573646	0.5814126176423298	0.4805711393098377	0.3184949590748732	0.35185576647008665	
0.18098230857844627	0.2936641934070438	0.14375793989124777	0.23040602027494267	0.2094795185758437	
0.17865260974706618	0.2608439977700426	0.09001477651572255	0.03046900971928546	0.19637041344093842	
0.12518386823609925	0.3911360051706071	0.23147878684005394	0.2328001961297868	0.37606890233295537	
0.06885239392755432	0.3095988278841769	0.39375169066479276	0.3826589667333026	0.3849411962896573	
0.1789428218279497	0.10146794644013599	0.2670858619682228	0.21903046413117636	0.2199557582015821	
0.07892340470451886	0.21858683961264805	0.16347491314186324	0.05174012463652546	0.21243450549857806	
0.04658751558892722	0.215188700698592	0.18479448052746503	0.043903658523441136	0.27442191895331214	
0.1973130484189721	0.03440832947758311	0.1563552343791512	0.045708552505228484	0.2839906833974866	
0.07510714350566305	0.17510008860349666	0.18902350991370934	0.06759437910614052	0.18524089678127084	
0.07245686535239934	0.26955087894302804	0.22812647549528095	0.04435373938842287	0.13526064710119567	
0.09413406229323779	0.011405588012635885	0.11328327911249217	0.06357284026876445	0.11926077966985311	
0.21271527888520436	0.00850384046159566	0.07666600522133557	0.10332817093137284	0.0851692361123096	
0.20823517405171416	0.26005494674699	0.2606747218429349	0.11053231190183499	0.2749328865955661	
0.324794967212815	0.21034317098674576	0.3308195409835084	0.22584455257591587	0.9075047548595919	
0.07604334125713275	0.0953669575314092	0.2403285680709361	0.2043987249347909	0.23443220598765377	
0.17793521640555626	0.16313667754887598	0.23556955816067046	0.1962773610832166	0.1223077044184279	
0.1123108490376869	0.37461746177206123	0.12806731325631415	0.2791126943600874	0.2276523053355069	
0.24947749231249758	0.1818591015828704	0.021475031709170027	0.1861784470219586	0.20499170703786926	
0.24083523811007804	0.17273731053409427	0.002056768195643979	0.0011564569378852336	0.11598398231915133	
0.11421834453422262	0.17878416427430432	0.0930768821908969	0.15276555134621808	0.07986332499537116	
0.049018841015217585	0.03295411744237146	0.22020013936594612	0.28219768477982365	0.24778094200109405	
0.01717445295758628	0.1647150867161989	0.16408444565017855	0.08951257365449272	0.21166172152725957	
0.1742104668978514	0.2892586708492717	0.020566756552737788	0.11710275251966298	0.26498725164748194	
0.11513805355686609	0.05313256073049555	0.11642777458340021	0.2677237139407287	0.01950949076832215	
0.11498327184438305	0.13780955479358795	0.1141361477009098	4.8812708808659014E-4	0.02052216768052562	
0.2778276172998393	0.158140489363489	0.17716676520342392	0.2279467022965747	0.20830582012900486	
0.18391813077782293	0.1790050948728811	0.0670437884862793	0.11441316833634563	0.28833040096615337	
0.17042358576109723	0.05398031776371666	0.015857224007920483	0.19982767787455966	0.08560960753457823	
0.22976466893603975	0.13064244613493478	0.27398087210629724	0.16583548382107208	0.12407040933415707	
0.13135361949853822	0.29079930402227816	0.01038866021688258	0.22946905935612708	0.25429043966632076	
0.07118071973008148	0.014061224733640503	0.24666590150660192	0.21651363474665342	0.04719358497626823	
0.050822029224157815	0.11209749736683779	0.27729391367664064	0.29341301636235584	0.038355829917975884	
0.048777655793938404	0.16712923089178228	0.07474400577813674	0.14582527099589382	0.17772130759092747	
0.28252215509958917	0.05265394590688776	0.15442234283270784	0.0644011767647082	0.24750990449082133	
0.0	0.031753622850275054	0.0	0.0	0.09736173974357351	
0.08693912143799329	0.11700909755040001	0.03730718408417098	0.20060358326278993	0.06862504161138247	
0.06173915651756609	0.11733947667089091	0.12995658698314455	0.28764383433228935	0.24941966872339175	
0.2398837369609602	0.27495242434266726	0.5172104010124593	0.5309920734054221	0.4531755936388124	
0.16774442834538555	0.12606424887524706	0.03241321599541314	0.28595182747769177	0.13191788754366957	
0.15144865319340817	0.10821380384197084	0.2923409985554488	0.24826114134970148	0.08770616167912346	
0.1999342374098301	0.0512817857980969	0.17330502617166316	0.1555461686051411	0.23305280679431223	
0.03516800399079009	0.2958951107588314	0.1539510603347316	0.003652651181950967	0.2677472781197462	
0.1494969952084686	0.12434593189670794	0.4403147122434129	0.27465482356584175	0.30112594993266534	
0.09427403602174736	0.6540835960090556	0.6221566099069541	0.6778997329569045	0.5086584946727767	
0.03510730016249112	0.1687963547788204	0.21466621779437695	0.14977103549452528	0.1704056258507354	
0.17920341213418042	0.2737787903230365	0.12214810679830383	0.17117839023296108	0.1769980025753818	
0.020338680642979966	0.12250307340247202	0.2728460940157247	0.22131642258547127	0.09329743222622144	
0.10815727776357008	0.2022398839630684	0.18818757604828798	0.24144378067115457	0.02008058535607154	
0.23927970213323982	0.28530385089473104	0.21959992641658901	0.2647926504327928	0.10117478250508247	
0.4917548913786697	0.5288120414476198	0.6551752919433456	0.9222844276986516	0.47363868532468556	
0.058237718487233865	0.2758001938694498	0.14509430190397105	0.29440236228383476	0.07892776616008178	
0.1524531709215884	0.16323118975812176	0.21142526073335038	0.2023472054808202	0.13268965288948925	
0.19122803728136872	0.2389908836278709	0.18335755293808584	0.14810356868326374	0.1108804263178981	
0.0833220806804892	0.2056553886800471	0.060861997716177535	0.2100276606025637	0.03147782640940101	
1.0031887657956495	0.12743073820840692	0.8569687029721575	0.33570441921726235	0.6861841942388051	
0.163004525749797	0.01988492906219185	0.07655573819203745	0.21051490636103476	0.14815015020820918	
0.27716990713316064	0.2899258502984885	0.1434925176989568	0.2574274028973915	0.26437496157694335	
0.09758083614667099	0.11271206070173544	0.15165190667279232	0.22605432553537524	0.298143360836758	
0.14953672624373746	0.2111732152081256	0.020463233467032146	0.18172511386879087	0.16485357331023384	
0.16934430738167203	0.05243693938590722	0.1016427612116207	0.05717883585588626	0.23341157171279167	
0.13086069697953298	0.234582777686262	0.2664704280971439	0.24820149183506404	0.12597019377916027	
0.10752446184883872	0.1405520324702212	0.21512285927054808	0.01481332249616044	0.09975204043781034	
0.09901451372417257	0.26237400730366467	0.12654916324387228	0.15125112566370746	0.06848615550861215	
0.27490661874373856	0.1652085784658648	0.2578854365101686	0.23239882690569905	0.14312508654445444	
0.1420199285650806	7.663962290720767E-4	0.20295403918789978	0.28523835898337946	0.10291424101962135	
0.1984429481944812	0.207334170402115	0.2675463742929623	0.140038219918117	0.017319075078989273	
0.147297818643998	0.22263386830524573	0.10651789001183276	0.25654631623309443	0.020272570295783963	
0.25229966027883993	0.18259356172972802	0.20561153289595863	0.03906348719198748	0.10939089901317849	
0.1310676986441265	0.044104576730801925	0.1807226204129475	0.2245752303898369	0.16093166898614059	
0.014735006909303683	0.13153278137856966	0.22574722113359913	0.08527302733130182	0.12495033445101021	
0.1453286615896582	0.20457770406965448	0.2062359209051043	0.19997241631252757	0.011059110893164699	
0.19900533766449297	0.026132796761316125	0.007931637431497303	0.030934197527696546	0.10566541178945714	
0.2416472490802469	0.10158880605743242	0.220168362013328	0.008414488056967795	0.0017503555195524175	
0.26876458637232387	0.23652131208755522	0.11625251447540813	0.26177089484169747	0.1317356270720433	
0.11442247929354243	0.021354329271503554	0.20775372719179952	0.22798797755013273	0.21246474469001456	
0.1364590254365804	0.2790337012416062	0.27110028806633363	0.17869153177905497	0.26045195579194086	
0.36013590692478653	0.5015603491089049	0.14156038082334188	0.32974480560942265	0.25939572925108245	
0.010478689234509115	0.08105657340814489	0.11120664687668348	0.14848640326111226	0.0910348147463854	
0.28193331281954204	0.008044854968900004	0.15185060744479967	0.05660191018165006	0.17364064775584662	
0.0047047225308823465	0.16351713053198424	0.15290671726562222	0.11617417218465786	0.030078913127643863	
0.2793048488570928	0.12290414272298678	0.17929058310856014	0.13744252262456114	0.04013033784216932	
0.1873920703588856	0.034127443997173094	0.07530690771138346	0.1271889145761171	0.17157948730486966	
0.08908249037038178	0.2645490658125887	0.07859128686468103	0.1086543783533838	0.028306278341790565	
0.031305700552599354	0.34301680375868643	0.158582107300385	0.11088806740286883	0.21715457997234572	
0.3566113300812064	0.6525675312689676	0.13421420457944747	0.06564973853985213	0.48075408952381726	
0.3448161502319956	0.1618789222689407	0.06514398093894166	0.33268897001732534	0.4167807226270843	
0.046325926944245886	0.26572613633711806	0.18924379681535733	0.29298774791360804	0.1099637122596467	
0.25934581839404053	0.22496139120438377	0.017718472470958174	0.145256156165467	0.2160209578732024	
0.24818299094040666	0.1170475294249016	0.11184287994516576	0.188120589006738	0.20083129498388522	
0.020787495363703543	0.06034831472858912	0.27655711535133476	0.1536759071388458	0.19195319111933395	
0.146626792868002	0.21344003992920332	0.021814091711730463	0.22647546767287002	0.03686272241168581	
0.0	0.0	0.11186732802408787	0.09195316635033883	0.0	
0.17666075996536793	0.14677182197750763	0.21757896108456337	0.07815900964649548	0.3812610747111177	
0.15317186785679446	0.11624427836471554	0.0928535146497594	0.0605510823883498	0.28320942798299115	
0.03931365145397186	0.15762598668599653	0.0018409613446257172	0.16371514559881356	0.2343768230993232	
0.2105399039356802	0.09566769088992498	0.1711730267556243	0.17255377647899817	0.1263801280925917	
0.09785423862886712	0.16158650589265375	0.2700513158439925	0.2789515497551656	0.19898205754962947	
0.2743747513508791	0.25556139871722827	0.29857391916519643	0.019779217256584943	0.15915386868864645	
0.08110762116920278	0.2566760195516219	0.1611488472268311	0.09329313122230239	0.12333120142615647	
0.23328955720147787	0.09425638070399435	0.0178357604416454	0.183117451620821	0.19996152404025172	
0.046772038951985166	0.19493208830494085	0.22533108206400274	0.10700751914023895	0.06614870386962804	
0.08538676017729079	0.23752515103911392	0.06037603262007053	0.1526103736442854	0.076825637062495	
0.21079350008306844	0.2780198550860486	0.09457670919020296	0.25576225749571435	0.09455663469302376	
0.20303840894486824	0.09599967672991723	0.2593581279116737	0.29484077948043863	0.17097623701353787	
0.27795261151110606	0.2184454960777373	0.2616591473040415	0.047109044110285735	0.08409813035364809	
0.24902706283944348	0.19154847191151667	0.2105371098099182	0.29687365508986346	0.08862342993861812	
0.18816216475550337	0.03091789586017945	0.23424514440980668	0.0881315453996095	0.08676937282342091	
0.05273621654833678	0.19797191873685463	0.1256695809636405	0.14405333695318523	0.22055278606761794	
0.24941970457308194	0.2518799260311102	0.1136508345980942	0.27411745713934954	0.14765481704993083	
0.06235031635141542	0.11742680424951035	0.0430372829992408	0.004339333578221302	0.21461366468500717	
0.23970430096504874	0.003687386902847177	0.05432677455249615	0.2562550088393105	0.13269751004930758	
0.10810381386797112	0.15153131975381295	0.011107870994679431	0.15060335675979725	0.2662773057854979	
0.33066304911483146	0.17622526260776325	0.19191947213369775	0.21534219464645624	0.1456160117711861	
0.04378499997594913	0.05425869251674755	0.20300525074411344	0.08885557960949259	0.011579732411266115	
0.12848104307870284	0.2002093527816997	0.021406758368740918	0.06241894759038883	0.2949807386576505	
0.011163354902489826	0.16421646124884093	0.1335731042024385	0.15059131968628225	0.20490907558635757	
0.0023201227954694624	0.2518921008194888	0.21836094557511296	0.07817080064608226	0.13752176110498748	
2.858637640836051E-4	0.27642925304032395	0.18658360784233186	0.2536485673803344	0.026453718580206287	
0.12508000667887492	0.28374620390776983	0.2590031727383436	0.21996415752620901	0.2577127408265696	
0.22966574457036998	0.1020767185296572	0.11189777082998612	0.22399109363397324	0.2916689314978842	
0.2832183803521181	0.16199951623162576	0.20529902246626083	0.1857113801368601	0.08965965552323603	
0.2617204976961517	0.26044474245824595	0.14105159854451796	0.270272260956231	0.0421456749191297	
0.33983413542869884	0.627954431070629	0.04400361034233562	0.2175164361928886	0.306930895377244	
0.26636051137677064	0.2537960222840796	0.27131749046394144	0.07789322515488704	0.28680918808314687	
0.25936943236620735	0.19298846513027273	0.21096239065335703	0.13462349799018147	0.08640128062558859	
0.011245658559752422	0.190867356464702	0.07135736573567995	0.1811042977729709	0.286672490965838	
0.2640835476761236	0.18613274783647843	0.17771546799422572	0.24294889945336895	0.28691439189501927	
0.06636315736289633	0.05572146128671009	0.09641636639078549	0.0690520868487614	0.1094196996374394	
0.04773991103439007	0.13125437118608585	0.09815206757028198	0.2696809158607764	0.22116209030410938	
0.22869989526159662	0.2909600150408725	0.06353123998810631	0.1059070008589155	0.07035380886271789	
0.2466594729661417	0.03123264899451879	0.15624536740056041	0.15197124624151329	0.11446120386417101	
0.1784992529901893	0.07827409962164163	0.2646603037125435	0.2615025200029537	0.28852338724358	
0.002309462485321757	0.26837634729798016	0.2933114834113096	0.24530479059166804	0.2838729830068721	
0.21812927654397538	0.034467611429625	0.036446417721833074	0.19653819327025104	0.2642356636610438	
0.0037318513091935714	0.20502966722535917	0.2173484426709343	0.01929651251774939	0.2598902577679716	
0.2901708530367372	0.07195988643383915	0.06553130084366182	0.033757839748576844	0.20072741761197715	
0.18283912371241717	0.08853235810282822	0.26644338715887744	0.20776738680535428	0.27233747661833946	
0.1556729080928481	0.11543990244768147	0.03329090761047892	0.0037789941513118003	0.14546720671467198	
0.05201460870667382	0.2669086739710669	0.06079055691622651	0.21259515163933088	0.038272165341057214	
0.2556347167555387	0.08539897883394265	0.28054513516030954	0.26141773524848483	0.06614903663709494	
0.2141428613119971	0.21002683971081745	0.058093607762109735	0.05870904240294259	0.1971536592031856	
0.19636218042284223	0.11654359989164256	0.08211799370284772	0.05449472695418179	0.044852586593197775	
0.047178382865256926	0.04038547048838208	0.050347281289884166	0.062192070590302004	0.05188107745816692	
0.1582507297504313	0.0646177741622399	0.21021430965626592	0.25801702425802414	0.12421419831860278	
0.0	0.14817028814894892	0.1406211451425055	0.04713014878243099	0.24877700035747283	
0.02981872563778724	0.16296783144801363	0.253432012005272	0.15364433458978094	0.2339641162656936	
0.22343464265982949	0.05623829532508324	0.1603838305329983	0.008116992260148425	0.08018210097201262	
0.2455541659336977	0.25242749200148973	0.08085404930603751	0.07058942015550287	0.296453953122534	
0.24339082384611357	0.17096706274014337	0.1277089935521918	0.2634959117931862	0.2636435542144964	
0.0013801395354003012	0.2656892780897478	0.0929322933109238	0.29075828620085	0.1969478337543794	
0.24459869301396753	0.0	0.035910829049530434	0.18614966519395415	0.022911311371843216	
0.24034285940297098	0.3208945576644845	0.3016147055606976	0.0964004003489562	0.21649758794309415	
0.14427333632927883	0.16798677492866632	0.08636379645975753	0.06036990846184407	0.25829300321787146	
0.2162022149981539	0.2885656655892266	0.01896631169745273	0.10767481488338794	0.06731492413804827	
0.1122254478810369	0.17291930617927195	0.12562292597862976	0.1370911452705003	0.2470671129187256	
0.1580262085064593	0.29810200122783637	0.04058314996964217	0.010734629211184078	0.1378500823287553	
0.14852249012574842	0.05764960721537714	0.2926908910406981	0.03867475147734752	0.08332268847173213	
0.16147261193604126	0.066988885725867	0.19482877260769998	0.006806822277697727	0.10185651538116063	
0.26515423922616055	0.11790826281010451	0.1693720663067057	0.006261541142189772	0.16242558164834767	
0.2878792251620157	0.16607864353999832	0.0037904297483212102	0.08209666761699498	0.26875060704345516	
0.032677538666389	0.035596255054216146	0.27298664733404515	0.11487411938324424	0.29985731228392837	
0.025755082714824917	0.1932987803185189	0.15649672118886174	0.057361236522109824	0.273340050523113	
0.017047280472518883	0.07797179521168122	0.199105607347477	0.06696695923868284	0.2747007155621839	
0.2146639012115987	0.030228870823457536	0.026308914919982947	0.1817673362850761	0.2955249814706822	
0.24647989129769335	0.11592385155942356	0.05379833374544121	0.09213371097550703	0.14332812255766753	
0.02481402669286721	0.22222694943926755	0.27575702703568455	0.14371716871173013	0.1624323735973562	
0.20890537233115636	0.21703433094249502	0.21350345595440315	0.041931455961259786	0.25808384726489914	
0.12618200556531736	0.0511150682999047	0.184087325074649	0.15209819646993286	0.19605193320125505	
0.11340530453645538	0.13127513805699428	0.19199472759450317	0.06558535594420445	0.25853869229584225	
0.2758283327290518	0.1212772716513314	0.14517648665089522	0.2940785693421808	0.20782818107456402	
0.0946246968895772	0.16924453017680224	0.09664390813078697	0.1689687912340692	0.024203902227316935	
0.02358270456136694	0.10726556618942946	0.24952364034348967	0.08445187721428202	0.24226937836654797	
0.17900373552650384	0.17720121814718756	0.20840163483207375	0.20826966904509403	0.18707719694959302	
0.18213163030351218	0.05642396306674679	0.13552573214292804	0.10193789511182806	0.2685290266275444	
0.05190612332875477	0.03659310622548329	0.15025319746236232	0.09777204227922502	0.0570979416819404	
0.21879913017556332	0.06249646597967053	0.019784951358064993	0.01564790161720466	0.1168670075795682	
0.08820530791370071	0.005664202241162963	0.0	0.07142659532153121	0.18020112742445865	
0.2593121207917042	0.20095426793578133	0.17246597353090318	0.028667817314078605	0.234656611287736	
0.28165115074646774	0.11170367501060152	0.09392314785149886	0.19078746328315505	0.1422126931543013	
0.0671684577343954	0.16299218989232434	0.23166906170212906	0.022290375769298026	0.0873278197525932	
0.025613966252931025	0.1697501922993183	0.10718547180475112	0.1946102624892125	0.2992787812430927	
0.012824487130898624	0.06057104988215288	0.26444450807251996	0.015336202749027432	0.23065819407832835	
0.04869918683129613	0.0768906112233255	0.28823824013058064	0.27633731979153153	0.07609537259954424	
0.28021378704068833	0.05917396600363672	0.2556646527132684	0.2023759597311792	0.24226262000591783	
0.23344521215411956	0.04809958907795279	0.0948480519090035	0.11316443935700941	0.02509004725599718	
0.024838329832292005	0.2917675745387096	0.23776856255431872	0.003631969496489936	0.2590016369976361	
0.129136671423036	0.11361305619268898	0.2865368200932684	0.11613026553551935	0.24147203735820658	
0.22778178060265264	0.1325191010289163	0.15864346233979817	0.24820062977983764	0.19896536314229782	
0.20605917627384057	0.07794822279939045	0.2524994879533627	0.21197714386263097	0.04171919758909546	
0.17511729217049982	0.07783907740591149	0.09164401110295484	0.0	0.11173261407620602	
0.11616069405663024	0.0052334563220518176	0.2344533527294775	0.024791951225024603	0.1698428795495511	
0.25322963489791606	0.09019184652430777	0.09960986496044053	0.013042594826997352	0.2791712550841856	
0.10894209005868623	0.12082126798679028	0.20712332740038217	0.176040972639361	0.037107678897894576	
0.2408206454315674	0.16094041056331918	0.14351231710912016	0.1906241596439552	0.013131214408338912	
0.21394504476695847	0.08686218039401049	0.09518996196215736	0.0336163297525597	0.11394093637068337	
0.08842205247270439	0.09096505017129104	0.29243086317700184	0.20919818119225456	0.20955411875063512	
0.055591969818722914	0.2954191639219013	0.11559272844989281	0.23917857662655906	0.17714048731637905	
0.0236682581543903	0.10585746297759706	0.17664277184243699	0.09095817665136907	0.29046714129502915	
0.024277619917749366	0.17186763351027526	0.22556394556956763	0.21616464557711979	0.24420052432830014	
0.08361866733337496	0.248535294363503	0.2338672122561198	0.144571902800169	0.023173223048559462	
0.19199778651930552	0.08919101494043695	0.020354036711834014	0.2531415733144272	0.09624237296922103	
0.18001718420340698	0.264045999633542	0.2825693557051501	0.1361914123160127	0.148633984877403	
0.2670757881392793	0.10073486910812383	0.16940017969971963	0.013955041503296142	0.16730902770598713	
0.10163391819080701	0.06632981229745358	0.17559555912255617	0.015430022732165346	0.2799867450390413	
0.25225771347696957	0.10179003267047382	0.18499084242792524	0.16156913792011166	0.19035748489773688	
0.23190425280101168	0.17703218784409844	0.1916142620027891	0.18539382467377818	0.2627810107253359	
0.0654978832170358	0.07355144226073411	0.09093539790352995	0.2394014370877278	0.025830480862331716	
0.038046101993638025	0.2069645821609849	0.1031421655674562	0.025182305642903646	0.16625748770371268	
0.19329986835761598	0.28101762671339514	0.059629688527688	0.2237142494123102	0.03469437944414191	
0.27783405177075016	0.2884599707126979	0.19194796152948856	0.23708369968392462	0.09467124417753042	
0.0710590286552073	0.21259368516390192	0.17935834443515267	0.09431055882308632	0.11949265650421251	
0.0962480717386989	0.10898621583193555	0.057862543745417265	0.03843971654838381	0.06491044630721741	
0.025639098087536456	0.18007861270760628	0.026497905251863733	0.11070276706247088	0.2882460012006646	
0.13201711032815255	0.11699937488097513	0.25397440971342383	0.23318573709041224	0.05674715342038666	
0.16653358897977133	0.2930057014833002	0.218648239321571	0.1769770112008759	0.21218619168524977	
0.1377176331794794	0.23192550650561042	0.11791113836074443	0.004424471230847588	0.2686831100255721	
0.09192376171739802	0.025623126310512258	0.11093639138648641	0.16544854132713327	0.02457776584653326	
0.0842699626723559	0.18471699798234048	0.03892275400683545	0.014854800775345442	0.17523955514881437	
0.2032781583567131	0.22663987051331883	0.2296900309938534	0.28671115570152744	0.13368806543814835	
0.04943109217324542	0.10357798648722445	0.1266730329287386	0.2985100572649673	0.27431374745092063	
0.08038695982481406	0.1162478092041544	0.29732186221806645	0.03206210258840001	0.11829715359716991	
0.22421574513887677	0.0133699401661796	0.2833687228628681	0.13583627725893604	0.11567224069390243	
0.2761501974399871	0.08874653794393647	0.24066118288945268	0.22509984212177336	0.22322426553980182	
0.10313037131434791	0.22018903247503882	0.12581465245327483	0.11440060095828804	0.05229457998830033	
0.2300125142132744	0.014624009954732885	0.17769302354989122	0.07230177365267122	0.08635547525873767	
0.08338398335500084	0.07419095254355446	0.15809885255856204	0.2457463928874893	0.093514926274139	
