0.2857552192089468	0.14483784189477586	0.08166799632896178	0.06113927873703532	0.08234393151342743	
0.03185348007898677	0.10468719419967894	0.056587162322100974	0.03993420574241594	0.014108951144135408	
0.0	0.0	0.0	0.0	0.0	
0.0	0.0	0.0	0.0	0.0	
0.0	0.0	0.0	0.0	0.0	
0.0	0.0	0.0	0.0	0.0	
0.0	0.0	0.0	0.0	0.0	
0.0	0.0	0.0	0.0	0.0	
0.4608373134574772	0.4944518762553345	0.0	0.12696131123040144	0.6885238612773926	
0.0	0.0	0.0	0.0	0.0	
0.09424468638572965	0.21647505347816773	0.04836109964953315	0.0	0.3537129081865305	
0.02332065265067503	0.24948670242911924	0.09008485119144344	6.133243558962241E-4	0.11745413631821135	
0.0	0.0	0.3332265587535865	0.0	0.0	
0.0	0.0	0.0	0.0	0.0	
0.0	0.0	0.0	0.0	0.0	
0.4182138190221572	0.7337195760894683	1.0137362103751333	0.8663872877509847	0.3528039909061106	
0.30673680850809976	0.5433690093064384	2.1516636879310633	1.903943287080476	0.8132811773061497	
0.8915996449773784	0.5977274946164198	0.500690226574092	0.6716865111023437	0.7531127808553564	
0.0	0.0	0.0	0.0	0.0	
0.0	0.0	0.0	0.0	0.0	
0.0	0.0	0.0	0.0	0.0	
0.0401173159763176	0.6085665409068022	0.17761554380629074	0.06671428082247063	0.9809457659157426	
0.1321956447037005	0.032377112071149905	0.1221734867733327	0.22481014028943988	0.12419132980284872	
0.13699182422481074	0.10073777787724497	0.17871344783850476	0.013808558930667816	0.015525749809205097	
5.616723485515819	5.355994747289838	5.251405636583485	5.436047070637129	5.701213185898469	
0.7303701911280606	0.4766744698842547	0.6153153711945365	0.5655727836588159	0.5273606254113432	
1.187163076825229	1.2467676022480734	0.0	0.6245238539906242	0.5423800009727557	
0.2536858543112272	0.6416262639924226	0.6661844790312497	0.44507862223720496	0.31239352311675944	
0.0	0.0	0.0	0.0	0.0	
0.0	0.13827387503663938	1.5573391260387885	0.05376600399638297	0.07950163961593786	
0.0	0.0	0.0	0.0	0.0	
0.21225890311118156	0.07933580880481572	0.3061909554274531	0.16053718383461132	0.010505063127199638	
0.0	0.21411556705033644	0.18745965227366096	0.010310337689059632	0.17424232701396766	
0.07240957808602601	0.22763650653207423	0.4985476715563432	0.0	0.09902932255679543	
0.0	0.0	0.0	0.0	0.0	
0.14052668416745615	0.0	0.4229097851748125	0.32058678981147437	0.008973021109728517	
0.019807866460945556	0.18879582532458217	0.052565918936352776	0.029336460870626805	0.1161328359460777	
0.26915659975119705	0.22578816951037625	0.45274185312324855	0.28893458214337464	0.10143257731980942	
0.0	0.0	0.0	0.0	0.0	
0.0	0.0	0.0	0.0	0.0	
0.0	0.0	0.0	0.0	0.0	
0.0	0.18116710686460577	0.45420000149606377	0.0	0.09447913266726286	
0.019374653199892143	0.30742231819555715	0.15714616213661453	0.0	0.10791929847459801	
0.0	0.0	0.0	0.0	0.0	
0.0	0.8357248166956397	0.0	0.24519794370422565	0.3413879180475577	
0.0	0.0	0.0	0.0	0.0	
0.0	0.0	0.0	0.0	0.0	
0.4628940789469898	0.42618922990029257	0.23889545940088666	0.0	0.0	
0.5707174832246649	0.34773888185036433	0.3839281990704969	0.3104577192170565	0.4965628026064961	
0.052873399280326805	0.20149826117096778	0.07826544757581533	0.07100141347482254	0.21251441850198494	
0.6442176706895796	0.44125025138389506	0.3821138598731599	0.0893785707792621	0.21451567011266168	
0.1890282525036523	0.18361472172116328	0.11110602590875333	0.09184565739323157	0.12318081682742428	
0.0	0.0	0.0	0.0	0.0	
0.0	0.0	0.0	0.0	0.0	
0.11196031729366972	0.14616230170905237	0.20185876379549436	0.15298475127502945	0.13797066392739335	
0.03641179042337379	0.021323569743995695	0.14022671716140775	0.0938429857761411	0.4875673874312283	
0.15152056142917708	0.010936153864896448	0.10627731856871289	0.08006914027191836	0.09124167958680615	
0.011404835476897059	0.17244356098003888	0.013499028656359668	0.16181213583550547	0.006121706443126975	
0.24323819369650018	0.1754702829604697	0.38035646170124143	0.22767851373806675	0.2696050452545926	
0.3251657061195922	0.6915622412088293	0.8308544981098459	0.5772317279510117	0.16882819262345183	
0.16346247657598703	0.2814121521116423	0.1226608539317593	0.29651874753224594	0.3451120841889016	
0.2871589299713499	0.3193867466834399	0.9258020913566979	0.3931025263937357	0.28701751977841033	
0.1365028630837984	0.183080683823105	0.17310876774201817	0.0	0.14049968035601346	
1.6897934848624319	1.4592417994193587	1.049434242820623	1.4094774630729916	1.7891731925339471	
0.24463820097870417	0.17360927692709133	0.4139042326296059	0.46018130164471205	0.14686415583533563	
0.0	0.0	0.0	0.0	0.0	
0.07105544151491333	0.25832698629472717	0.15344495984496878	0.09842577510379162	0.0	
0.0	0.0	0.0	0.0	0.0	
0.0	0.0	0.0	0.0	0.0	
0.8983288907776347	0.1687357117178652	0.0	0.2371425885073487	1.2149892850699375	
0.0	0.0	0.0	0.0	0.0	
0.15731803923388665	0.6102005336688966	0.5931459080614538	0.38916507105621445	0.0	
1.1259619271667942	0.8775450297566735	1.4412001606924658	1.4815826011590536	0.8906313080483166	
0.0	0.0	0.0	0.0	0.0	
0.0	0.0	0.0	0.0	0.0	
0.10688342367457965	0.05128265382683396	0.20444447971084076	0.023706787616945176	0.01335420066590977	
0.06132800338466248	0.11069386384568225	0.13456850256862693	0.07299772142263168	0.19082841257853891	
0.13815650010407993	0.0	0.2886010569179946	0.17372875190820458	0.2368450505999598	
0.09256268108838264	0.2219824840153629	0.08068797707928582	0.09146047674899084	0.1353311893031604	
0.18352206740449928	0.35471191125231044	0.256685600216874	0.2894271894219255	0.2584187119203941	
0.0	0.0	0.0	0.0	0.0	
0.01761489257102864	0.39637654778432285	0.4567375373428835	0.22105365110407263	0.21890633975036403	
0.2054736833047613	0.4471736907328669	0.0	0.13191859699983993	0.0	
0.022275149160245027	0.17919931864035035	0.4022803444123969	0.1543911772701766	0.014971267795712714	
0.0	0.0	0.0	0.0	0.0	
0.06312633952039033	0.18607572968911754	0.7758541590003587	0.13680105253880848	0.36707219080711445	
0.10024767438278032	0.5346266037737663	0.7142636653425106	0.1735220330196997	0.0	
0.0924217391782196	0.7311179885544367	0.27483729448385924	0.1414398695251339	0.27528842171457557	
0.0	0.0	0.0	0.0	0.0	
0.0325914800173601	0.18687125291340317	0.01867420732103576	0.07538910568475475	0.043428182891928756	
0.12381714267683694	0.0	0.17723344691521092	0.0	0.17291650655463794	
0.0	0.0	0.0	0.0	0.0	
0.0	0.0	0.0	0.0	0.0	
2.07405936525448	0.3343532904980246	0.8057454034211247	0.0	0.7980352312437613	
0.2459589792274141	0.10330749932051705	0.23231738590953865	0.0	0.0	
0.20058371145286924	0.19688303398731927	0.27531606360002503	0.4221188710904275	0.010726673022631986	
0.0	0.10754710273918569	0.8070289505005942	0.027543972542774783	0.2771576728895282	
0.35806578261059413	0.14392318715650368	0.3209038914787343	0.053248358306351495	0.18161509658267422	
0.2890931026935742	0.2503781935042709	0.5458515610609413	0.0461213285357954	0.0	
0.004943649104992529	0.26603620560030655	0.2537735148982838	0.07465070917467047	0.06770600731907264	
0.0	0.0	0.0	0.0	0.0	
0.08264556632888778	0.050509780399004174	0.33075306690615114	0.11744923303599604	0.027677738246288084	
0.014197316040931942	0.3508411735974458	0.11042620967975514	0.03808682192525995	1.0701111219057635	
0.13255171196069485	0.09157303008755431	0.12253953991704514	0.16837704166124548	0.0	
0.2731679824082834	0.0016666665914650152	0.22977004931375067	0.0	0.4231275459415185	
0.029446941315250115	0.16871219218813774	0.16295335716337914	0.054307700541487536	0.07784206229391713	
0.11120803821365595	0.14896931077976527	0.2459549592063724	0.007623288540087089	0.0	
0.0	0.0	0.0	0.0	0.0	
0.13493510608060752	0.05840887090934176	0.07857457827394827	0.16002315889026747	0.15647162274375614	
0.05912639988950096	0.04036068089719569	0.31846910990319915	0.19857937657803193	0.10697551724384771	
0.44820481770953335	1.3238822543897195	0.37567546717304967	0.0	0.0	
0.8467290775531344	0.827863395164699	0.3928122456439748	0.5941450849626645	0.7977022105150842	
3.8413298214341127	2.0885982384853317	4.7519260945636415	4.109767261811599	2.609149214899743	
0.32824365186103355	0.0	0.029800728885037764	0.619455512178205	0.0	
0.0	0.0	0.0	0.0	0.0	
0.25072776660079493	0.2437852930339557	0.33171736139297797	0.21404736322190293	0.057540262094497335	
0.35070959589875883	0.09957174700007101	0.07941034679146393	2.589527107527293E-4	0.010617287955338985	
0.021942337447392848	0.0	0.0	0.2171971821970764	0.9361666113070224	
0.0	0.0	0.0	0.0	0.0	
0.46409557881670743	0.049633510770888976	0.17181863665260455	0.020579150756996362	0.3649745320650212	
0.0	0.0	0.0	0.0	0.0	
0.2936483718505945	0.03889978129175049	0.1761447285771903	0.08526755397782726	0.21802988336428247	
0.8961980678353529	0.3062348312264365	0.6770898193670118	0.4887609882688634	0.9506988729892963	
1.7883526089382462	4.717289218608819	0.0	1.17169920119778	3.1407442100286667	
0.011867722752302958	0.6968406524771833	0.5196842766635518	0.2547896104329047	0.09661508798878872	
0.1743635818734534	0.5057517247695388	0.30197430368490896	0.17913237541417756	0.08107416116342597	
0.01453230596729843	0.2700785900717907	0.23201986830850158	0.0	0.10994740220348992	
0.013568569760893882	0.16530095539146922	0.1874571626136766	0.24853226221670507	0.0	
0.19755054505269856	0.9998463725491252	0.8741086809277967	0.72362960410762	0.0	
0.0	0.05464490595741832	0.1728526737207054	0.010920178704160417	0.11420210004240645	
0.14053539376605917	0.823299136832861	0.8654747062084829	0.5155668700796386	0.0	
0.1338264551694827	0.249407483922325	0.1747216874321726	0.10688968380648031	0.10900592415409047	
0.7297347328079509	0.2649921827606748	0.7680497512562949	0.7094049934401806	1.0311063976005683	
0.11018402011535504	0.13615201703757102	0.14740945638524328	0.16177024504043816	0.10036671182013247	
0.0	0.18640084826969383	0.2144675445803183	0.26525483020460555	0.0606266231081287	
0.10160056854997183	0.2008744108643123	0.2198381320806458	0.11002719343907111	0.3707079887256716	
0.3019016629513203	0.19541816530450767	0.11374814030053274	0.48143168592979224	0.12490420472715595	
0.0	0.0	0.0	0.0	0.0	
7.43137792347756E-4	0.2661579567571919	0.06577931904089036	0.0172706687557377	0.2954842924469986	
0.06526456777168109	0.11917435327003471	0.14414510991025356	0.06451098383935878	0.1396798013661066	
0.19904103463493464	0.4711969664117088	0.1273667554049582	0.12575119758252837	0.09953676407647899	
0.2571855058286892	0.12476185844230005	0.21139394034464337	0.251999606936476	0.2223901033750442	
0.10346329205386186	0.0628913709316853	0.49256709245241853	0.14051159760447965	0.1515991243470624	
0.1429726293410558	0.43416410207472195	0.35000243231773037	0.3790294625692117	0.1455833949628626	
0.0	0.0	0.0	0.0	0.0	
0.05497160305456256	0.16496970554944396	0.7130564820272032	0.205677754321167	0.05204064180684568	
0.0	0.0	0.19196729766094398	0.0	1.0910768127243677	
0.32176072835491987	0.06347258566507788	0.2384394059850191	0.0017190373552273897	0.008808654140939383	
0.43715253187291625	0.6599280475918713	1.1458441378812283	0.0	0.934907528780156	
0.11966106758850148	0.30304883909083713	0.12988837492491814	0.02095370164103938	0.08592976079602098	
0.6175927648540359	1.292378892314011	0.14341264990940378	1.0365199695761844	1.2231867432778372	
0.028479891724516163	0.0	0.20768719548271078	0.0	0.2718609739839832	
0.36009530363858333	0.0	0.4766676900543183	0.07976475722089954	0.2943900732508686	
0.09260587648167669	0.3418766787187203	0.15117708482019618	0.09633559614690733	0.0	
0.0	0.0	0.0	0.0	0.0	
0.0	0.0	0.0	0.0	0.0	
0.1226493112767544	0.19685956081915518	0.08757411040313556	0.06553839436831387	0.27368955127788375	
0.2528932230842512	0.00362556710001921	0.11485444336877364	0.0	0.15513604571519518	
0.5610720407274594	0.06957933245606744	0.16120958122506193	0.4518648056590421	0.282461895294848	
2.229076650645649	3.948061810936649	0.7455191461280792	0.5002883819525075	2.8129695597495803	
0.12699748686658172	0.06516139460740289	0.12949038064332047	0.1466517317490163	0.05168961150655686	
0.20495262275466614	0.029066511866371776	0.969376970470057	0.09867773621269578	0.16003596541916518	
0.09641390702921396	0.5980834834507919	0.046047593050818694	0.0	0.05896191799812056	
0.03589061492183673	0.18321144871399844	0.07414725343200967	0.05108722608667647	0.3388305627323983	
0.2987928236344788	0.12756418675566356	0.20923772699875579	0.13624955158002358	0.10114733528871817	
0.0	0.0	0.09383992182765845	0.02544499812859467	0.3290945914780065	
0.0622905603837179	0.2924072616067506	0.010849988065684109	0.002363044187130078	0.11362900965677881	
0.0	0.0	0.0	0.0	0.0	
0.0	0.10581833113628526	0.09185920015694901	0.4083306240927617	0.0	
0.10594380281729765	0.022819554626361503	0.0	0.06104361246696538	0.17922320764992733	
0.0	0.0	0.0	0.0	0.0	
0.023220072704827906	0.08013065383086485	0.22819710257062445	0.0937419184813899	0.3974428338779701	
0.07079999299995061	0.19392802658595468	0.1775737783044213	0.11752207808052006	0.09123049809036614	
0.0	0.0	0.0	0.0	0.0	
1.0119924647505876	0.7781178639391585	0.25209737033148366	0.7700302379152169	0.03889975855541439	
0.1507647112845112	0.10618510945857977	0.0	0.08661946333519392	0.13324843583042467	
0.45465375204920266	0.11213454797554384	0.08228484313407393	0.27815505991379996	0.48093592102749844	
0.012704318782887072	0.12287132154967088	0.0	0.13516522272499013	0.021714600279025796	
0.2288783497127291	0.11950409532123116	0.19120590303013055	0.2261968832717942	0.025640843770239983	
0.7290039025003503	0.3678526103399939	0.6957593525300069	0.5965618170595478	0.5545282737267864	
0.0	0.0	0.0	0.0	0.0	
0.09787688440363795	0.0664715251286315	0.04333181009141761	0.17080068124176423	0.01393370535150084	
0.5517621492018739	0.5105672417795661	0.38216288633993156	0.41410435067699597	0.8321614779572393	
0.0	0.0	0.04658281444636539	0.004688067621866208	0.1481079995856866	
0.10374820176673857	0.0	0.8295866766808693	0.7011491053171417	0.0	
0.0	0.0	0.0	0.0	0.0	
0.0	0.2694502296154395	0.0	0.0	0.26503866968232653	
0.0	0.0	0.0	0.0	0.0	
0.0	0.3313866437613884	0.24599425142677311	0.12933206992270327	0.19129202815148105	
0.03934557382899315	0.0506588401129668	0.008850639760747224	0.11953932528381574	0.48912425978216106	
0.7223988301083897	1.3507469292367131	0.8759629725441619	1.2056826178217444	0.9168626553722539	
0.4553385709484109	0.6056186893798463	0.04827057005997124	0.09526254458536433	0.5048249975694878	
0.0	0.2260813558498645	0.14752513031980827	0.0	0.16193191407679547	
0.04142192653879587	0.1735743676922462	0.0	0.21064312903527596	0.07342863612238991	
0.5627438074114769	0.18115643164334552	0.6328950988672647	0.6380626049971534	0.36885358978634897	
0.20147396204013207	0.21360119804688413	0.06898853092013998	0.0	1.0247389781981295	
0.19834207838886805	0.13460645437217886	0.48418832131980677	0.11184083288420021	0.06158388801608072	
0.43047649747778327	0.06246366447816372	0.14514405759606674	0.45274491644256515	0.4958478665854413	
0.16362567738833625	0.1394862394595664	0.0	0.11211120447600939	0.0	
0.0	0.0	0.0	0.0	0.0	
0.0	0.0	0.0	0.0	0.0	
0.0	0.0	0.0	0.0	0.0	
0.0	0.19485412800232987	0.4455419999200638	0.326872219937984	0.003397719744437978	
3.5004149763397363	3.5056195499269855	3.1991401243636552	3.452207538184839	3.4491745387580885	
0.0	0.0	0.0	0.0	0.499611731311486	
0.21454847680061057	0.9680699671125595	0.18930640652171293	0.3336642703407474	0.5590686581395516	
0.0	0.26085810217449096	0.016126998904720746	0.004692616937297421	0.8876637331320043	
0.11606179246434407	0.15981107446171025	0.48437407071107585	0.19582535069672635	0.030338368964607815	
0.08748775620380493	0.2345862901961068	0.22128953819387245	0.2516763852112617	0.2987916359704667	
0.07946306908966273	0.0	0.20045673007390183	0.1911902048038543	0.054285236814976566	
0.0	0.0	0.0	0.0	0.0	
0.0	0.1290558840853487	0.0979619980483122	0.08040688225567832	0.23019270158248586	
0.07079172012526526	0.21863844380036812	0.20931240723620917	0.22858792641831818	0.3432480083468173	
0.0	0.2410464053641609	0.05553597714606533	0.0	0.0	
0.06259919636338715	0.24179134935645835	0.0	0.0	0.22800821446935615	
0.0	0.0	0.0	0.0	0.0	
0.0814458693851194	0.27825223444192054	0.0	0.0	1.0096524824776945	
0.11324154570278995	0.0884203792728646	0.22982736391699077	0.11303966701903637	0.743968836733302	
0.03346469809181818	0.19772021928003097	0.08041610100776762	0.0716829888966256	0.008744453707546323	
0.1497599999120988	0.0	0.10063566832551152	0.25270334983268755	0.3349696410590166	
0.3362813928350094	0.012900540068265359	0.16175559215583193	0.23409717635842284	0.4064462088282355	
2.1000896933120194	2.1508297028463077	1.484094837886649	1.8521295953245873	2.572771722191446	
0.10417097088014617	0.1012240027394288	0.13948791742484276	0.16230058576836126	0.18259191997875993	
0.0	0.18002670482609315	0.2446618628884858	0.0	0.1309622811383678	
0.0	0.0	0.20628728780788325	0.45058156212358325	0.0	
0.5744254107612428	0.6645247612445274	0.4585204473122519	0.1790559201139898	0.23763931674515498	
0.6427892825375924	0.46742387165050114	1.3113509939638304	0.8343244635474538	0.1951536413652583	
0.0	0.09328753040310907	0.039574939189877714	0.015762159032110076	0.31410926054300026	
0.0	0.0	0.0	0.0	0.0	
0.0	0.0	0.0	0.0	0.0	
0.002795178608622455	0.07414928076805334	0.1534840633491377	0.0	0.31064009708920864	
0.0	0.0	0.0	0.0	0.0	
0.0	0.0	0.0	0.0	0.0	
0.1852065223907651	0.023603042117183295	0.28899457901403863	0.4796056767309217	0.0	
0.1073061318737382	0.1407006044917917	0.08126665209428996	0.07955579144985304	0.18954030785539938	
0.0	0.0	0.0	0.0	0.0	
0.6371930548873921	0.44047031690152205	0.5087688804806423	0.7217509017211343	0.9989417442072448	
0.8473682287740976	0.7837259225253619	0.19816208902750654	0.6391432637998533	0.1867649495122257	
0.0	0.0	0.06757148295203513	0.12056891278179077	0.5366386950559077	
0.2748544091533977	0.17832402550178444	0.044748269715862654	0.18131216289431543	0.1380595427230673	
0.9448121568985851	1.3011314744076592	0.0	0.6873482291387961	2.549607653200762	
0.010841181155188943	0.24770961544723183	0.5434560948712587	0.0	0.17605181477007628	
0.13134997255850195	0.20023945930267456	0.35639659311418426	0.23645125663610583	0.2662280256957952	
0.34973721604370844	0.32651837188003857	0.0	0.1650948312468744	0.1666481040001293	
0.10120079138591778	0.22111576199900754	0.15616190943410968	0.12837249007835608	0.07805624829013662	
0.646882732169517	0.7198868301628694	0.17591864635449128	0.37263931233270264	0.16472832371287136	
0.41338646727519435	0.3749611385489845	0.7495728571973399	0.6873562256457656	0.6294256501872983	
0.0	0.3485172201601554	0.9143906218739947	0.0	0.0	
0.2296587400528546	0.5203318231615923	0.42336247388114095	0.4010081398682133	0.4751503850804751	
0.031728969136200866	0.15075350065415077	0.17949331211629815	0.17774847533469218	0.18968209452123305	
0.2655552188946407	0.20571345812271924	0.3870533640417006	0.4971817055047467	0.26591094189403214	
0.5514684935910343	0.07597156927582366	0.6136578829186966	0.8297541888973902	0.6172063805024717	
0.011677737918781699	0.1191116105170488	0.01160124422922854	0.15651309438610284	0.0	
0.030950512941522634	0.20183561853442442	0.027498494732236513	0.010794323055621698	0.39170452223704255	
0.26462345352406164	0.0	0.16815766928538853	0.0	0.5946287723933121	
0.23305764794856934	0.44763048495628516	0.00650502847598207	0.0	0.29746169260807637	
0.16896543926492755	0.12457518372751943	0.0	0.006045311176246218	0.3935574914923221	
0.0	0.2170701236416105	0.0	0.0	0.0	
0.11174404264491249	0.4043494143500392	0.21456896221399338	0.08663548283310975	0.47435424087389816	
0.2475110811352248	0.0	0.8563363713123752	0.854088763149154	0.37759332911053417	
0.437895503811796	0.7736595912312212	0.027308621673586577	0.23684398728654904	0.07543542075036108	
0.7454576504162967	0.6279359514679809	0.8068063867671437	0.6613986116751183	1.0533921712282734	
0.2742258504686303	0.0	0.15408430804778933	0.0	0.2551243021159222	
0.11256002510906166	0.01895954173345297	0.2650838903000015	0.0	0.4515025071818741	
0.0	0.0	0.0	0.0	0.0	
0.0	0.0	0.07112446482673951	0.11199323642339822	0.16132144677998939	
0.06173978812326307	0.057515690263111825	0.003515180448707668	0.12452977300062432	0.19657941480835278	
0.1395121738931741	0.19514856335951541	0.0	0.0	0.16731852048291562	
0.034568806415354696	0.33513705310796676	0.24544399729412575	0.05654646046453297	0.3040195556486376	
0.16221993665253975	0.2651120459232516	0.16415201308705063	0.0	0.220415764959961	
0.06272062491020812	0.36218311794311214	0.0	0.04710280268899157	0.12096325317342527	
1.5180152184784643	1.3925693013240863	0.8454240000346345	1.2857519005262172	1.8395611784596093	
0.07487785803014674	0.21080444551289027	0.14512433092941193	0.17711293963230734	0.11370463625598849	
0.26169820855581827	0.13326311811041303	0.49745703248067513	0.3014766313218919	0.11044439690727578	
0.7494940528284498	0.0	1.2086263109760667	0.0	0.3865845408771814	
0.0	0.12975928599037093	0.47232751035022735	0.0	0.45646351593240986	
0.0	0.0	0.0	0.0	0.0	
0.0	0.0	0.0	0.0	0.0	
0.3152245873769307	0.20768167768338033	0.40634300185569455	0.0168808743457489	0.01440582119972636	
0.0	0.0	0.0	0.0	0.0	
0.009071157543555794	0.8022400300852184	0.0	0.0	0.40320139519244114	
0.10567499450404383	0.2632482839084177	0.10981097045269655	0.10828974514235737	0.3203673378580884	
0.0	0.8125764884805748	0.07107286646477964	0.8103044459331645	0.4902705748737993	
0.0	0.0	0.0	0.0	0.0	
0.18101885198874282	0.07329751000354097	0.17127130504404878	0.024679692272548265	0.015210581344001195	
0.04825574494045924	0.26951453195302294	0.0033829231051956373	0.05153837569699325	0.15950734494669463	
0.06973131685112947	0.29711556538777284	0.23485854823527597	0.12548304531930987	0.08413406463686372	
0.0	0.0	0.0	0.0	0.0	
0.020049261190762453	0.33713548437492646	1.2149857774826767	1.4502854438069495	0.41314238972481065	
0.2808855051886027	0.09927791470935325	0.3869827202085314	0.06489193628060295	0.0	
0.12917918045338678	0.0	0.0873741473056944	0.16068907272159566	0.6872663501558214	
0.6744319641181702	0.2595061299653909	0.29887313749001587	0.17452154921453267	0.5228240793801895	
0.08762963621491704	0.19151784142310657	0.440497928695951	0.33012946787596636	0.7265340723265381	
0.10151007806546487	0.31009803979686446	0.1522041045171578	0.0	0.26640485172671896	
0.1499244293761603	0.04399577343719319	0.2235568245760049	0.04870754344239794	0.08538433858885826	
0.17403098158373365	0.0	0.028215771785974206	0.19293873863462516	0.15925431835223589	
2.02411008210969	1.5029268578431882	1.8993926090248245	1.5203722755518878	1.1041334519289676	
0.07964060763058797	0.0	0.03299931174361014	0.3498927539640001	0.43536789160946715	
0.1735595450440161	0.2239339516081507	0.23676682116841546	0.11814108807240269	0.26009162977067407	
0.2642412712999659	0.0697233237145846	0.0	0.0	1.0181342324112115	
0.023495330759234448	0.008038740496040078	0.057241532679442694	0.10497979599800879	0.2232099833877269	
0.0	0.0	0.0	0.0	0.0	
0.040068770369313986	0.32586824918975804	0.0	0.0	0.5822659474450546	
0.1340830753187808	0.09277250640239545	0.24944675284633047	0.41739536554604234	0.0	
0.0	0.06973190615798927	0.20924534893873253	0.017138669540359808	0.3501311935689099	
0.048642255913813555	0.6228115299465802	0.5689407706564928	0.2223809220554973	0.0	
0.09427225480465246	0.27038022187533256	0.39235474124668523	0.03306093251042779	0.12321974343034801	
0.0	0.17418163577415463	0.2025304091537675	0.31162692311150886	0.0611468323042521	
1.083675427610913	1.0943351821501253	0.22261443808293663	0.2705349427170423	2.323623888458899	
0.027357009315034625	0.07608006569833715	0.2400521232906359	0.0	0.3182866090608041	
0.0	0.0	0.0	0.0	0.0	
0.17040045283582472	0.3262947963189703	0.26774122286640795	0.16202314982826727	0.07188273612452707	
0.0	0.22572815700084292	0.09649816063274198	0.12000484858382043	0.31795767919681894	
0.17616194943089777	0.0	8.028886575560606E-4	0.004938336739174313	0.569650029346437	
0.0	0.0	0.0	0.0	0.0	
0.0	0.0	0.0	0.0	0.0	
0.027867850324499274	0.2296827517868035	0.08825238668443647	0.07001561118129987	0.06456857001107892	
0.4412679394804101	0.2837095249922024	0.6994745966435811	0.0943286285225462	0.35440729359037637	
0.27452876653191577	5.303801179613883E-4	0.05645088090418099	0.0	0.0	
0.09342158779979369	0.3501692265460091	0.23756594302507367	0.22932693076718266	0.15241931550219595	
0.7182769180788434	0.7428440963471113	1.0615573371607159	1.2141250333679179	0.8528856741469136	
0.24632567537785796	0.44084137004432106	0.0	9.050096629303248E-4	0.0	
0.22127906309564713	0.0	0.042915344540338615	0.25068577923491064	0.030932152399158957	
0.14095509823342708	0.2647066144213338	0.007240121125865227	0.15566169870101462	0.044669177994019885	
0.26939036551573686	0.09132166995659478	0.0	0.19588818135567818	0.013466925085252619	
0.03183841863457409	0.31713287134228463	0.0862884730489626	0.14989694404056275	0.10033458975768644	
0.09252264141068539	0.1516722872021523	0.19582509893574426	0.09842655337806869	0.11638627022022237	
0.18212549894160093	0.09964741816791585	0.15374279223725384	0.022755722149581256	0.039838414725891017	
0.1532455433439787	0.1785965698708182	0.18273127662841082	0.0866477054365878	0.23533946209968679	
0.27443366321004986	0.015396564741862774	0.11097310455254575	0.22266367212240165	0.0	
0.8024446898321981	0.654774743809785	0.2938027212810214	0.6743696267866731	1.1084243518411363	
0.0	0.09693254863583359	0.2601417116545536	0.03846296708526536	0.06289042338348878	
0.09816414304243852	0.0	0.49567045892239725	0.44970677253333124	0.18305049884756677	
0.027273646020097957	0.0	0.13217004641126492	0.05028429647441581	0.3319024616032665	
0.22613054839497193	0.44007044145996094	0.20162731853944682	0.32113472183939273	0.4091220950574222	
0.1988674773052294	0.49419778869750597	0.16338443550667686	0.6285098686280847	0.7615194313878022	
0.054228384488521936	0.10906919069989376	0.01900557869145616	0.07576832628281047	0.1954298237040368	
0.03523787829168985	0.2641463554053279	0.17462397288583886	0.27585052380867603	0.2716839852532971	
0.0	0.05732963463068971	0.035891228456365915	0.04972089509146897	0.1681470348550876	
0.2540558407416824	0.09156365623281837	0.19403859537309906	0.32505914074816955	0.1695443992730312	
0.14614414699100928	0.14168288765790613	0.0	0.0	0.0	
0.0	0.0	0.0	0.0	0.0	
0.06668510680914608	0.07407049969376016	0.08092359925915722	0.1829963833577194	0.2843064504784016	
0.14100285239757654	0.09857586844434998	0.08792560918876752	0.16330605370058873	0.1579991176172783	
0.5385586920939279	0.7736097640433375	0.8820669532290596	0.4531523123213839	0.8207022312535353	
0.05633937496979248	0.1001506501895284	0.12747836442642252	0.10879708577871819	0.04403202668185322	
0.0	0.0	0.17356834161766366	0.1818932689281984	0.33589693248189256	
0.44612658948936146	0.4876746925446697	0.895790504664542	0.5301801143901274	0.06915842937955116	
0.0	0.0	0.0	0.0	0.0	
0.0	0.2386340100655048	0.04426554972770089	0.0	0.16471582680727187	
0.14513076743966297	0.3322537320504683	0.07771432100969403	0.0	0.5123394728986693	
0.27097802395232423	0.0	0.0	0.0678559340733117	0.5457937321702198	
0.0	0.0	0.0	0.0	0.0	
0.393449526615013	0.3416247623829784	0.0	0.2704951218340814	0.16419672823802525	
0.013127473792018375	0.1260936150043564	0.353856637782392	0.29703894717139046	0.10476483096739873	
0.1228825856772157	0.061765873664912256	0.0	0.02016159725926228	0.3737901573167776	
1.3356945214148646	0.965419404598469	0.654875885895569	0.26312462626588523	1.240384836138181	
0.023441130231377595	0.11501048978901357	0.060654616762873016	0.0	0.18448225479480898	
0.0	0.015504782569276395	0.2939271579204317	0.03007255942533414	0.2021874753608122	
0.6481813985040522	1.182685903897885	1.0354140081625218	2.1931370428697714	1.4822032689168212	
0.005603864094381315	0.07765652813920242	0.038736019749640554	0.03452031294064344	0.11721112346859708	
0.21779317512781432	0.07541214621246667	0.12500485566333533	0.0	0.0	
0.13913249329204816	0.27003259528286305	0.29158874764917897	0.052273834810708575	0.20643044173053818	
1.2225837697814776	0.8413293852024899	0.39990805200509266	0.10109829177756925	0.12860086188728362	
0.6223433956947204	0.7258465512847999	0.1807612357666966	1.1755003774609025	0.5814577012867858	
0.0	0.3777219105637406	0.4943998782787662	0.0	0.08016914414427392	
0.2600185560286727	0.00102434372185625	0.2743812126567505	0.05237114681601235	0.057018036680706284	
0.4301413876322785	0.25105118998662196	0.5938115005730994	0.6065428253998162	0.21764915807173232	
0.0	0.0	0.0	0.0	0.0	
0.0	0.4501471583433159	0.25702777770964114	0.20312246246775784	0.10776380855901964	
0.22685310809871448	0.11301252318755421	0.2293784426759514	0.17217504694291544	0.1593985548027467	
0.007517162613597295	0.019927876721597043	0.06391813723874892	0.16341447889963018	0.007784195688827603	
0.6104086748741956	0.3137800760647441	1.0022261455382613	0.6210385487542521	1.3103504928267329	
0.1222565469690074	0.2675903892485072	0.17556414369661855	0.0	0.3872479205174948	
0.20517108388548078	0.0	0.10965049067459785	0.1654532639405813	0.17242534993361824	
0.2993427927249734	0.026455647856092064	0.1839762754343297	0.3001389021134938	0.6393082533997478	
0.3949221492765069	0.8321600804733045	0.04545957181989234	0.35216185908239905	0.500049313625301	
0.0	0.32272168866735423	0.10160079447250357	0.0	0.16277631419520727	
0.28233512736105154	0.0694411181698426	0.22016462996598607	0.0	0.0	
0.11043837874332603	0.5683475438947155	0.28605593218911923	0.15731916363838616	0.7276271682931019	
0.04130062274314861	0.03860040001816742	0.26253957230147307	0.06332175434489311	0.13573851996712932	
0.05818149718270125	0.1168168120724403	0.05675915724303847	0.11877597201605271	0.30184201470922023	
0.0	0.0515692390166048	0.0	0.0	0.2376694559697163	
0.00770777173786716	0.0	0.05836258855345383	0.0024370184295982554	0.3601872925290582	
1.328313375762029	0.37410094361258267	0.5271215278470912	0.29842366243035573	1.2135946626098926	
0.0	0.8916923558611993	0.0	0.6139210200640974	0.5020081041709844	
0.0	0.20103382501625386	0.0	0.06936767494445474	0.0	
0.06322599227299569	0.09547252410878825	0.10428165460561073	0.08027528208290907	0.18221082417551082	
0.1810778618710838	0.0	0.30931080177625975	0.010502483851610605	0.12482160321854707	
0.30875791228537075	0.05979948986077598	0.22332674742473166	0.22416076976816052	0.0747684389143357	
0.048269077909244715	0.4448803783545195	0.15114661363767656	0.06881583368066907	0.26522227502284035	
0.0	0.0	0.0	0.0	0.0	
1.1604286720243895	1.3145967075142522	1.014958137983333	1.4169789041242953	1.8936491831917572	
0.7264351540979395	0.4924809623470542	0.5455229783643043	0.4019161813654949	0.618707177040011	
0.12204796439148197	0.023808158049058115	0.14029527018758917	0.22578261080541479	0.16924816260996955	
0.7909918666138228	0.9685540891039672	1.50464399358919	1.5447639832142075	1.2163582364440075	
0.13616479228521475	0.1315745406263908	0.3144134629882598	0.16253403411043432	0.18580160119130243	
0.02827321270165614	0.17652256774987118	0.10580314582178352	0.041962131889004405	0.23402305542476073	
0.0	0.15406106657270677	0.07110523894347492	0.24395997895823404	0.12740703385273378	
0.1354073815317081	0.05840158491990235	0.01314525126041156	0.34082731354583196	0.45010590267664785	
0.11088679345550317	0.4754013997284579	0.0	0.27083600823622844	0.5258090306954378	
0.0	0.15469477238396356	0.008777036286754546	0.059048218814135585	0.0	
0.29560032226887023	0.0	0.2930764083260849	0.47969557607720786	0.0	
0.23922317436999926	0.09732521640725442	0.5272000294027259	0.31572484999042	0.74309804856075	
0.06646127012358216	0.027651428158360192	0.012190665412426069	0.0	0.22516152838000852	
0.20531015557672588	0.17025391967654185	0.0	0.0	0.2249796306723875	
0.0	0.169206586484305	0.021136764248065716	0.06095404110614602	0.21967329213878775	
0.002646638092934729	0.0	0.06618874165319814	0.016727271644037596	0.41624099014430144	
2.415535360543711	1.5886016010294433	0.2644586448459045	1.8842298227568635	0.7233737509892387	
0.0	0.0	0.0	0.0	0.0	
0.3492348879064889	0.37528388944223984	0.2441541401819772	0.1529609374722721	0.38274895393193664	
1.4873704743356706	0.0	0.7273296052084214	0.550856629667484	1.2045261841760626	
0.2960908724231244	0.0695688016538568	0.3788465890615607	0.15788546334950676	0.0	
0.6800289334931423	0.229631304521447	0.18753886197943656	0.5270395582033831	0.7373145434010034	
0.47235232052579984	0.17720921881508034	0.8065377494594708	0.4512925577202388	0.10988305453580952	
0.0	0.14089101228242765	0.153119179215687	0.07216650958421487	0.2207977842955963	
0.04048149451474578	0.4732879540808452	0.9281890689235832	0.2316134543671058	0.5561103960446179	
1.142374426114515	0.5212983946008933	0.8619840045775611	0.6386151181022112	1.3670624240368865	
0.27869812102283514	0.04699682766992553	0.09270293258780274	0.0	0.04021456541795552	
0.28004775850585956	0.36382202535935076	0.09291400646501154	0.0	0.0	
0.45723130305568765	0.0	0.49247088648322634	0.06925023169380144	0.0	
0.125461187818159	0.29270381216721847	0.08660867966036304	0.03482255495294351	0.05784399924741048	
0.0	0.0	0.0	0.0	0.0	
0.006156695124889727	0.33889369943798797	0.10868002232064117	0.12891598389669706	0.00199480826953268	
0.0	0.0	0.0	0.0	0.0	
1.034357090813125	0.6048630304319146	0.415999296090222	0.0	0.11949702429993905	
0.12170060425178575	0.0	0.14904079325779587	0.40143242766073467	0.10443922589741761	
0.36120593008519913	0.0	0.10027648082795314	0.0	0.5797100588967217	
0.17660546001379285	0.08547911496834155	0.15626342426919143	0.020161833634747953	0.4404763873663184	
0.03919355690839763	0.3093248640703062	0.7185819500680615	0.09442255821502762	0.12044937608857087	
0.0	0.0	0.0	0.0	0.0	
0.0	0.0	0.0	0.0	0.0	
0.08015137225502336	0.2665255156455636	0.08362533814036577	0.09868807189003649	0.07646164746330057	
0.0	0.0	0.0	0.0	0.0	
0.0	0.0	0.0	0.0	0.0	
0.09311508796082296	0.30572384494301824	0.035192390687486495	0.02703346584769744	0.15739334391147392	
0.0024870303887645964	0.15773787629679714	0.0	0.0	0.15788785859414828	
0.2094526257668141	0.1842684467994403	0.27145220277023524	0.3172746417402222	0.0	
0.9061574947632218	0.3009399291323788	0.8588096521757356	0.1445214385758215	1.3443760106687652	
3.9504554504144466E-4	0.0	0.1988868985332348	0.0	0.04046501069421446	
0.5294092576384626	0.7033644002059243	0.21299415003714234	0.4430507361894496	0.6885468512081294	
0.0	0.20064730050196355	0.0	0.25140520631874297	0.07160528079750444	
0.1367830021955353	0.2962161955685158	0.2697015947287282	0.2799103449718607	0.18120879665938397	
0.0	0.0	0.0	0.0	0.0	
0.5804975794077851	0.4596862985400722	0.5315788882311004	1.075958630513276	1.0357527249010114	
0.0	0.6651455323281626	0.2831072304339452	0.0	0.0	
0.2708797429728286	0.7915457397863235	0.0	0.3288501033445025	0.4643899365231687	
0.3533556161162874	0.48448267617986934	0.0	0.14451376352960885	0.2305311860874222	
0.0	0.21224804782240803	0.03908034257173833	0.0	0.06563474468852329	
0.23244723426430852	0.2771094021424068	0.5151499885282212	0.0	0.0	
0.3737610156525007	0.4368491694701475	0.5400886305414012	0.6434423407607316	0.4032630359036153	
0.0	0.0	0.0	0.0	0.0	
0.0	0.13444134860218984	0.2761620990483154	0.42619893696454114	0.0	
0.0	0.0	0.0	0.0	0.0	
2.443408670380247	2.622495503898901	1.8957917318400297	2.54219827167455	2.4288616462158115	
0.0	0.18434879071518992	0.1267361364283573	0.0	0.1628141486649044	
0.6695110712514487	0.3693210772326524	0.3391706246226409	0.5755433492103333	0.21166958777382816	
0.0	0.0	0.0	0.0	0.0	
0.11732357433463378	0.12909849119927275	0.0998460981054206	0.10476860338999769	0.13276988634047424	
0.10607008867887291	0.012605991919686636	0.12552980319816892	0.21086155049013322	0.20798219110564875	
0.3135640504487691	0.0	0.7564588786102092	0.17456167926521118	0.1767511787123168	
0.6763141567740696	0.11144410957217596	0.2752116191832957	0.209602297940643	0.2500254233742191	
0.37131832720646973	0.8046744309917673	0.5166315616956314	0.5336016460841028	2.19142323901325	
0.0	0.4734601698984201	0.21162725014821937	0.025737223549318226	0.0219582330121895	
0.0	0.14613258493726455	0.07831345023262268	0.20229994793091927	0.1770031446775245	
0.0	0.0	0.0	0.0	0.0	
0.03729135499936822	0.1774025451783196	0.2414113374432372	0.17260774920093683	0.07954706202623474	
0.06869073390292266	0.12413309322478037	0.1819749555404527	0.0	0.11543442879614989	
0.7007809915021346	0.42883288688837173	0.42397014265971217	0.5016543946025741	0.6245534366095536	
0.0	0.061751120980626364	0.1471080472185003	0.8257879481225908	0.03571202470189164	
0.16399531420545804	0.30251545854846523	0.03572896013949592	0.02347775209456342	0.0	
0.25626601390989234	0.0	0.0	0.09021971512230126	0.2434724277833491	
0.1779453622763391	1.4482607688436062	1.1142509456182905	0.38606524484448906	0.7255475059860201	
0.2337729215105855	0.031114748619424877	0.1501923621059239	0.39171535252222905	0.0	
0.0664711764090619	0.0050263276532929125	0.0	0.0	0.02855241669677236	
0.3348141912067655	0.03929803074941042	0.734050025320451	0.9080570171900914	0.13534301783524882	
0.0	0.07559336868165627	0.0	0.05579158641486519	0.22554091024084008	
0.2400664298520366	0.2721631444013926	0.4846882242412215	0.41186216335606374	0.2168194832189385	
0.0011073231736691974	0.3008671004014472	0.0	0.05764186779392279	0.4667554248778867	
0.5384062690598332	0.7192461264468654	0.1467813460158496	0.0	0.16542221492136897	
0.1757289922929923	0.0	0.4223689957383662	0.27364111217214976	0.5274430045202271	
0.04306427731388343	3.4523489931539443E-4	0.140678770900032	0.08269630720754748	0.1871662986330076	
0.03575246409313823	0.08909089461339588	0.06872397226524042	0.1060759516970929	0.04635872839937096	
0.05267747684681302	0.15515975610117763	0.03566733484331309	0.04613108453623688	0.07057679766506535	
0.0843179482114145	0.0	0.4081498170831141	0.0325691470149231	0.17908160460944475	
2.1746683683778674	0.6713347828317268	1.8119757540982453	1.3384410141137077	1.933853001428293	
1.7412332805076864	1.4412431809889237	1.4845943812544593	1.4292458297459731	1.6184627396053841	
0.0	0.0	0.0	0.0	0.0	
0.0	0.0	0.0	0.0	0.0	
0.567744981900098	0.29711741601178804	0.030152066410982874	0.2668983381545276	0.946826016666837	
0.16025336347940994	0.0032630902316510913	0.15143582690394997	0.3055004586662779	0.1334809070237359	
0.03148315411500457	0.03458236575406522	0.18963999014783214	0.22396189658649013	0.34642380686570745	
0.0	0.0	0.0	0.0	0.0	
0.19132669477229527	0.11758393383532482	0.005523787173547916	0.0	0.6748289375086765	
0.0	7.856376429146959E-4	0.2198067853861276	0.0	0.15140645413273868	
0.05551745788259972	0.0633269609706811	0.13406445875701797	0.14034171200906506	0.07342555075782868	
0.1484124918848369	0.07828053230032349	0.0	0.0	0.17682873926898535	
0.7019064052054165	0.14771965364559372	0.39831233865380905	0.5093717337825645	0.06259895867790892	
0.24858286942792132	0.0385079843019642	0.05566515135650335	0.0	0.021964554627073706	
1.2354140420350566	1.2201585429672293	0.8927443931501579	1.2998001093173397	1.4422402458285208	
0.2270718822740645	0.08582419953782094	0.06805444123926158	0.08501375272356468	0.2221390073462823	
0.0	0.12144181029687626	0.0	0.11429308749203185	0.034883700561999915	
0.1268526264973587	0.007140044226444144	0.028497381610448652	0.023449219968089317	0.2143672556053572	
0.003545350043849925	0.17767361413289046	0.1539913491018164	0.010477340141213622	0.05348995255578642	
0.0	0.1617217745131912	0.34631894906115407	0.00785432499979645	0.08445815825422073	
0.14908591537018417	0.1388529366116464	0.002321605132453497	0.20023489682482298	0.0	
1.0464997460413166	1.004782651280786	0.9619113138997868	1.088244147811131	1.1503485987064286	
0.2164822754567797	0.0	0.0	0.0	0.47874316958189733	
0.13050485684760682	0.3126310323297564	0.035487946311660475	0.008890180131582192	0.5339359027622709	
0.0	0.0	0.0	0.0	0.0	
0.0	0.0	0.0	0.0	0.0	
0.04613853179897784	0.2850111612783121	0.03617079052684152	0.007145816148391411	0.10980810285658399	
0.3132169851063568	0.18859921663912652	0.0716263485713218	0.5812866962139465	0.2662831144096484	
0.0	0.0	0.0	0.0	0.0	
0.5411515447166511	1.2683842801797813	0.011613939147451235	0.022726056358467736	0.4639001854781508	
0.678199907444444	0.4531742760512902	0.7842874369098481	0.47526883703280026	0.4443547314975313	
0.8929145018200894	0.7049843712309243	0.5947774591827819	0.5332188835829833	0.06710003952453816	
0.0	0.0	0.0	0.0	0.0	
0.3415766875882967	0.12975803147813408	0.31782985175558964	0.319135595281298	0.006699265574564864	
0.22198733082501249	0.08800479666822177	0.22298969923438286	0.15413200756854367	0.057702897167786815	
0.2723544575165597	0.5019861603721998	0.0	0.2819354266455689	0.30158276601177975	
0.0	0.0	0.0	0.0	0.0	
0.08270402785439067	0.0	0.18636084626221566	0.40877468905354747	0.12475475061432206	
0.029027268597829795	0.2552413267950782	0.05508221451856388	0.01638424858359478	0.007008008301312077	
0.3178588744811617	0.18821433118364111	0.0358944653675078	0.11551388523293973	0.21346147705887666	
0.0	0.13651567375445944	0.04121058026193208	0.24556919536257096	0.0019242312221985436	
0.10512252364021826	0.35444776317625615	0.22529212353341843	0.1164664066171639	0.13265576208210111	
0.0	0.0	0.0	0.0	0.0	
0.35294916006209043	0.1157330738270632	0.20044623733237535	0.2347687904593814	0.16592219384789697	
0.0	0.13114277490257092	0.09728765485037717	0.0	0.2638559873469693	
1.358410197860371	0.0	0.797186598561925	1.1786102641201985	2.0002815436552766	
0.9122177645967696	0.8904279913888034	0.5499872409699799	0.8282090150251681	0.9484774394881326	
0.03687998457199765	0.3311963501249433	0.0	0.0	0.3589177506016039	
0.0	0.0	0.0	0.0	0.0	
0.0	0.0	0.0	0.22444824440920552	0.9150265422897774	
0.11317637554055666	0.22050360278624623	0.32462733924766707	0.048617096012279974	0.22089320539032364	
0.059351505027258875	0.0	0.07930803737072557	0.08428666765825722	0.23007136227414562	
0.0	0.0	0.2555629113481151	0.0	0.9035133799300606	
0.0	0.0	0.30528733384000395	0.3512038480796653	0.05430472504197417	
0.5000664383241957	0.12159129551969117	0.1259709771486994	0.15776531287096865	0.4499424420973976	
0.2798724597842973	0.10718284709163173	0.0	0.0	0.0	
0.4476908371992951	0.6018432032340826	0.40553122843312545	0.37887988156629826	0.3179695234194216	
0.26252370985304885	0.2520036098916106	0.24128833523208648	0.20101299556995322	0.0	
0.05599253812199996	0.0	0.07512816846254419	0.05542157213544636	0.15237290074381094	
0.0	0.0	0.0	0.0	0.0	
0.0	0.0	0.0	0.0	0.0	
0.08768489401421531	0.0	0.36638559114236346	0.072048114082223	0.0670603652102374	
0.236563298104741	0.006242719198488544	0.048153990985565956	0.18780892077115952	9.472508107936038E-4	
0.2093083431973362	0.6664099832249798	0.0	0.12676892527881004	0.2327655490224239	
0.8087461906952703	1.0765715419501558	0.4955252312826952	0.9678508896449463	0.23274177390629563	
0.24173584316292324	0.5040069796425809	0.4102621599547247	0.4697311556024688	0.43686076800644696	
0.0	0.0	0.0	0.0	0.0	
0.0	0.25244340544429733	0.39157822714734897	0.0	0.13758835746444498	
0.3560827550596145	0.14315282441394717	0.2010221510636929	0.20322973618243215	0.26036459608932133	
0.09538506895673347	0.05022419189187625	0.05042232421324742	0.09267507071184507	0.30772765883443576	
0.0	0.0	0.0	0.0	0.0	
0.0	0.3536956291602138	0.2003735989302035	0.0	0.0629217061119061	
0.5059779724261065	1.20941091770248	0.0	0.08323090930926832	2.3801232216966244	
0.0	0.2704244627509177	0.5823070072088444	0.05683176053200629	0.09488619333014724	
0.01605956270871138	0.026399609487001152	0.19240207774846468	0.08326550492544128	0.3323571608561766	
0.0	0.0	0.0	0.0	0.0	
0.027947661759593616	0.6751813594808922	0.6953208701481907	0.8269695983289789	0.14278467135553558	
0.0	0.2092233461866882	0.0	0.027558659674739857	0.036287064825998874	
0.4573801014952035	0.2524278956784916	0.23619628762625505	0.21752848740625225	0.5592818075597072	
0.0	0.0	0.0	0.0	0.0	
0.14007201189883747	0.4388877288069314	0.0	0.0	0.0	
0.0	0.0	0.0	0.0	0.0	
0.03316575602355296	0.21493917908268764	0.15438406771920926	0.02222234202235326	0.21051769807033388	
0.17754913744907702	0.5494502719349833	0.0	0.2701219916267683	0.4268608839519067	
0.1926786264567975	0.034549550220610924	0.53904821794392	0.3142767658152269	0.36022968480552064	
0.0	0.0	0.0	0.0	0.0	
0.13070699869971392	0.06961425102909187	0.18766217606920038	0.061560382854556304	0.09753751147068242	
0.5490286578815855	0.5225543396813199	0.11264003343459565	0.24150825310924331	0.0	
0.0	0.3788196695580912	0.03770633411574664	0.24444012751208918	0.45796038978907144	
0.0	0.1636519878743403	0.16723423656938172	0.0	0.14995211221917917	
0.023990130592580733	0.15991114945290888	0.02122982042720841	0.00584787955133183	0.09453625102751771	
0.03624402837342472	0.22273650165196832	0.17519540706295794	0.07061179126904554	0.19639581009242224	
0.0	0.7988738118956114	0.2730861921598264	0.0	0.10811710824733413	
0.02380717711853342	0.0	0.05019458998524742	0.0	0.38878819294256906	
0.06275632431777484	0.010668433729134976	0.009064051286658326	0.03491891638053307	0.06778574644083074	
0.1069201728444026	0.31064890579373183	0.2948468846874182	0.1696269294612213	0.09622468791184942	
0.04302536369569307	0.22312428701253365	0.13647449121931096	0.17004773788893546	0.02007839717440414	
0.09428111388483851	0.0	0.2845540257524824	0.7747599795131078	0.30176334024702645	
0.039518137307806164	0.31904514204314965	0.33861927937076286	0.08037635246844817	0.1363812300217718	
0.7429710044826017	0.9802301470256234	0.776108962303069	1.1668708912388537	1.075890116282696	
0.017875559606650597	0.02059632966015937	0.050690444657923106	0.2906798626615934	0.1067809868072023	
0.28971349802983054	0.7619007695958157	0.5203522163175847	0.629801019028465	0.6697144820199743	
0.2568880104195815	0.08574777914254846	0.5925726715953443	0.33051633995060853	0.035078849194055295	
0.4831972817491925	0.38387307551210265	0.31895869804749116	0.3786431181655775	0.7055492825974184	
0.0	0.20600763148429052	0.0	0.10871116503870837	0.29541435190580884	
1.1186095903464344	0.7049053876605776	1.2960804315017076	0.8630777801548292	1.785505654390807	
0.270409174366281	0.8690536691250909	0.0	0.15286191615258313	0.034285021875843216	
0.02376313674376132	0.04239786317177008	0.0	0.0	0.35121013485715885	
0.19507218722506675	0.18843466586163554	0.34556806793242445	0.3249398385948563	0.12821473793228583	
0.03770296134234495	0.18791498590548394	0.0	0.10514564666165419	0.05584245508157267	
0.1279476399711187	0.02166405643425908	0.10135404133602383	0.07597923446565688	0.19227808098348892	
0.6550849142254744	0.0	0.0	0.1449058602077569	0.6096022203579672	
0.11894680329430181	0.028568533303039465	0.16895032744309815	0.1737262844987176	0.03553291944057382	
0.07942877549421004	0.129551383821999	0.15745784136531524	0.0	0.3500074230757087	
0.1730774587260395	0.21129975441274249	0.11186901979287181	0.0	0.2124661789111417	
0.0	0.0	0.0	0.0	0.0	
0.30861796123077545	0.29060207202441307	0.0	0.12520169588911131	1.1282719894508024	
0.031053775500054184	0.12154317221941396	0.2073598645051321	0.09457170187605997	0.4889377749004663	
0.0	0.08037994870857412	0.160270587130105	0.036972689830631275	0.10896914645509116	
0.028099888589878927	0.1715485545677449	0.0	0.06100929094194803	0.28340688288320526	
0.0	0.08998040618605217	0.23052302888071347	0.3913963673350891	0.6122944744594083	
0.08445773132535474	0.008430511390848086	0.2529536617772381	0.04386624058208337	0.005723066256286116	
0.1343247444633825	0.08809772417774552	0.25180147552027576	0.1671409311421258	0.08984128653937974	
0.035257316295960434	0.28984689458322643	0.14181307525160883	0.06989226145968601	0.14016742123065062	
0.15568551365624828	0.3928741101479568	0.18654214683337836	0.3283526620352946	0.10874687397506022	
0.14710305340809607	0.18158522522287018	0.21231352811739732	0.31087983978281203	0.14717893402582247	
0.016726965679757635	0.005018832241778399	0.0063847395130936235	0.15452207375854357	0.05959536350247579	
0.09720604300196393	0.25963326917560886	0.19037819348130094	0.12213574433784039	0.21543578763812282	
0.20484832104698297	0.15735371444091967	0.28044624316678973	0.1994079048502912	0.18218572326636864	
0.5570734251875574	0.6524316875318459	0.28692926937408014	0.6204890155385526	0.7516587019235101	
0.0	0.0	0.0	0.0	0.0	
1.0174293674558375	0.6340635333907823	0.8426422997010791	1.2701190452436348	0.44962268587005755	
0.0	0.1566460149953831	0.020353295864275193	0.006426410752223081	0.039816906109566834	
0.0830079534352694	0.0	0.0035691691370725144	0.0	1.2756724850134815	
0.05592628835118081	0.22533769851587354	0.010656648116181765	0.00513732138367548	0.009296031111339137	
0.0	0.0	0.0	0.0	0.2565437231387452	
0.1173120349793344	0.0	0.20178067933967564	0.0924679375795703	0.410857310063729	
0.0	0.0	0.0	0.0	0.0	
0.30265829403746797	0.0	0.11228863785285587	0.16009906211069042	0.13253717463648396	
1.2653517525781952	0.24177453272540123	0.6787622666806347	0.5705015335771113	0.612187071835806	
0.0018669164218953638	0.0816591890871717	0.2169987437077401	0.17627568109940883	0.01655529159254523	
0.4555664618245839	0.4578150218037551	0.0	0.4673468130466609	0.5818487132377793	
0.4100544938186874	0.0	0.0	0.40121699008294714	0.5158261174285429	
0.0	0.0	0.0	0.0	0.0	
0.022151696131858654	0.08688831185180652	0.036838591759634956	0.013030147098723174	0.02904602212737036	
0.06619424010857053	0.016988994106584242	0.20541605671380728	0.0	0.2680193553165637	
0.0	0.0	0.2992231607027896	0.0	0.09084223464264915	
5.883714905507913	5.361657766050455	5.3425281819940285	5.756061304593404	5.178676053528211	
0.1289107109896861	0.30433638919488315	0.0	0.504314396596875	0.1790484375025397	
0.3865378261049954	0.3264746756469336	0.5160864172833913	0.5510948983995939	0.1516893175314684	
0.48970513248792596	0.2786729973048874	0.07765923323364407	0.3282597090524406	0.36817674361537656	
0.0475553922996695	0.12357748159704682	0.020487451778163534	0.18725158158020053	0.25761533665565334	
0.0074656094869027245	0.2973920028155106	0.04248246900484869	0.030820084597270724	0.08764641637966937	
0.0	0.539177844786916	0.0	0.050763356592647316	0.13706492875015105	
0.0	0.0	5.139543632214846E-4	0.004571718616604743	0.5759205924765674	
0.0	0.09943938044682221	0.2589095256174294	0.11392637106323986	0.11429141479137844	
0.0	0.0	0.0	0.0	0.0	
0.2501395267337912	0.10686401962760993	0.08006475702445034	0.7526765449824144	0.3492298829521849	
0.7278438067678769	1.4729904646682561	0.1792735031830083	1.2544582516943754	0.7870885687577015	
0.0	0.23704580657482044	0.0	0.0	0.20224616267419324	
0.02424719574274228	0.12341659296114821	0.1683483421458258	0.08614934982778155	0.024212785622814315	
0.03377282933220381	0.23432600698716174	0.0	0.1751196307131297	0.0	
0.11900279902413075	0.06122972745599821	0.18554126154245504	0.1355493801559834	0.19781453343680638	
1.2955538090624477	1.6443142308089043	1.8384359984873577	0.8412926895528389	1.3388265363506167	
0.2985397151489999	0.006483669059342589	0.18659937938946075	0.05766943033750033	0.0027229539802320333	
0.0	0.0	0.0	0.0	0.0	
0.14832229491694962	0.07164980048854004	0.0	0.022170761021388593	0.1874868198079907	
0.0	0.22328456693910098	0.288280315153914	0.0	0.0	
0.292148044634489	0.11796665026141963	0.0	0.0	0.13390586549228425	
0.08706991466899039	0.026238102315711602	0.002880232420620448	0.22156764296092482	0.02319836560637748	
0.0	0.002863969071049971	0.1418068276917713	0.14220919582417227	0.0	
0.0	0.0	0.0	0.0	0.0	
0.0	0.11429818735230354	0.0231222926571619	0.026722859849602126	0.20613253667338038	
0.00821054751738851	0.0054296000515120235	0.03852562497946973	0.1339119720541833	0.15897942953361588	
0.42340655200413047	0.0	0.3373262472723073	0.26456590525088763	0.19584550556006158	
0.054680499573711176	0.09495271340224971	0.14247163289571746	0.0821052412507804	0.1693433250801605	
0.12185526551248457	0.23905003681215214	0.06126389983946218	0.0011016204563236254	0.10433283463785739	
1.1572552922133383	0.0	0.14987182979442798	0.0	0.8493864254688087	
0.17569457483402284	0.287246465418957	0.08654856271734387	0.17447505820796816	0.0	
0.0	0.10960460627099083	0.0690716544165519	0.22227417807752112	0.1536477242870922	
0.2621363715859837	0.2199452235574817	0.12437237796827978	0.0	0.15243031021807632	
1.2091304664070355	1.2270651327796507	2.0946542973970432	1.286900406130894	1.8845730881621845	
0.0	0.0	0.0	0.0	0.0	
0.15708806332557024	0.10623493784938531	0.09571674797783981	0.0	0.15639657282126035	
0.13868385781285525	0.36589318121865577	0.0	0.06832618722715486	0.659471961337765	
0.2006913574551511	0.1970550583743893	0.04076052567528266	0.0	0.11609488681820956	
0.7076072163427257	0.9733557904247693	0.5195626902204459	0.9520195308233821	0.8611899243735373	
0.0	0.24455273354153426	0.44656150575924636	0.0	0.0	
0.0	0.35670305887630527	0.42709737644333173	0.0	0.36128534896466025	
0.0	5.7542018476317785E-5	0.0	0.3105599211065796	0.05325293040039922	
0.9105306801290093	0.7591156228981152	0.6382280358595572	0.012723340422310379	0.9468032646822883	
0.0	0.7164969410498276	0.3618610245220727	0.0	0.0	
0.2928799079829782	0.009643334637791118	0.06285859630069075	0.17844430978321116	0.0	
0.0	0.030858126947671392	0.0	0.05056460644488337	0.1498405785018291	
0.091785732363409	0.013390712929223187	0.2435559232997186	0.2040094453498043	0.14493174974106338	
0.0	0.31883090836529027	0.08944958862071174	0.0	0.046633107871302565	
0.3505791599840187	0.5584042367818572	0.5306502714263805	0.35167889405443503	0.7469517132398433	
4.445320631362074	3.8729699457108007	3.7051547792602237	3.915690311156607	4.046689049374599	
0.0	0.2693195404341859	0.0	0.09772246590335242	0.0	
0.010214005364266783	0.127296532633723	0.11551431062649409	0.0	0.05490067991743379	
0.09152577762455552	0.588981715360693	0.25111983295990675	0.13251666299149434	0.31004954359861175	
0.1728754412323365	0.042979325125504064	0.10631348164350975	0.15290953211459143	0.19536484536654253	
0.047993957794690095	0.22953902778216537	0.06825115409106619	0.05909890215640861	0.174011009189996	
0.4264055886855143	0.4094282879161927	0.0	0.0	0.0	
0.14617056348347413	0.3046841431144729	0.04480972910771579	0.051363244565261215	0.08833868484002697	
0.21129144888185394	0.205565260440413	0.09737958753118572	0.2641864314088674	0.2695568994339428	
0.280352258179983	0.006281903532257985	0.43626173260895645	0.28868778589644034	0.13313478981243965	
0.0846799216746213	0.16839305115140057	0.157791665107747	0.2924038278281069	0.002123440446322205	
0.04211482481462535	0.030248491717708922	0.030900995253441754	0.0	0.4734277747424489	
0.17038535398972382	0.09600049186304802	0.131974971117644	0.2509004095877389	0.2790024441448414	
0.05628121346872273	0.03241937005922936	0.025671475762938076	0.11061210784355699	0.05166242907058478	
0.26261396009609306	0.38531629480441365	0.8717153663808328	0.4214304153176313	0.34409155923964513	
0.25906077636441155	0.2692386433519644	0.0	0.12775906392773914	0.8758092304179825	
0.08334799996385059	0.32633552933999377	0.0	0.0	0.17617448720959014	
0.0	0.04195911850217904	0.0	0.02887638775859124	0.001979050539689029	
0.05212970003375878	0.062250552242770776	0.10221682468353809	0.07518368772390999	0.09332331129537214	
0.0	0.32121632920303067	0.11309127395271044	0.0	0.0	
0.14335344612076187	0.15201839723121183	0.12585492735078882	0.05449920710757301	0.26398070674585833	
0.1701673582318618	0.20245167244013335	0.14022543118262956	0.016277442673824628	0.0	
0.13803472321366547	0.2056968095083975	0.20886252018093207	0.0	0.23019894787702935	
0.25776142561269166	0.0	0.0	0.0	0.7261482770845679	
0.12811625764350476	0.0	0.1848967810364239	0.43417482087488135	0.17095449870638224	
0.2408730930860064	0.9684886472584964	0.2854479952871304	0.2764187221146899	1.0693878223760096	
1.415174162143285	0.5542628692902252	1.4443903971735095	0.7793888908880261	1.3120944330973534	
1.001712597577286	0.34712653215930106	0.8441355426832173	0.13882325924298497	0.6891628530988426	
0.22388845421142287	0.1305765442426468	0.1678943527561168	0.22645505568512878	0.04836217696387615	
0.10723397098596753	0.07270945234704879	0.6189093186511506	0.09608881140527983	0.38617726579906186	
0.04017222038408325	0.4212241141847338	0.1251069892692849	0.062017634549641744	0.08627176813635641	
0.0	0.0	0.0	0.23278973948304735	0.4781232175461934	
0.12622495822168864	0.045896461294553464	0.06104832750711796	0.06249226986049529	0.03574474594848656	
0.33920270806649366	0.33550583155303104	0.46899105034717425	0.4502519709751788	0.3918666851465517	
0.36649350966927197	0.9103428784040367	0.12678415211076446	0.15969682538492222	0.06889873241365727	
0.08980895309019987	0.0708491305196511	0.25163345864961845	0.14198763670571635	0.5991334619637659	
0.0	0.26506435705442916	0.22740207683167749	0.0	0.1782745203787975	
1.5619454033447855	1.3224007485296865	0.9848733497060373	1.1866460747234868	1.6257476831002433	
0.08094787593420152	0.2584807330274471	0.2004846722122252	0.10721595065383223	0.27622774224710783	
0.40374103893647245	1.1323208867351837	0.48011341841762795	0.2538147671259131	0.9635533724373272	
0.027732403451621902	0.015670162589510976	0.01580049035715007	0.0	0.20369917700450355	
0.0	0.10207519398700007	0.18584405555308214	1.4258730500349637E-4	0.2577073400325426	
0.1637475519848083	0.1164841010209399	0.0	0.0	0.5934160304365402	
0.0	0.45542294255486526	0.5298722252144359	0.21894260029179588	0.3801809576360653	
0.20125884009922876	0.08647743677643943	0.07676404899696285	0.06787335949049782	0.045505459733648446	
0.0	0.2070847449348945	0.14356398846332613	0.002176310325608078	0.6458468375028317	
0.0	0.0	0.0	0.0	0.0	
0.2632398087042095	0.4570610152412519	0.17214558974469607	0.0	1.0547429142928058	
0.24531574847803067	0.14443524378279846	0.12020958183501472	0.0	0.03154402651833338	
0.0	0.0	0.0	0.0	0.0	
0.0	0.32766768917121497	0.0	0.0	0.0	
0.21820037254174152	0.20413413229102778	0.30413470660940317	0.1903989780231009	0.11692365061945476	
0.6488363519459481	1.426884711915808	0.22696782882077526	0.8987138994524992	0.6830575203612383	
0.1606373970947405	0.05347250135815576	0.5649021364425036	0.15223370275583187	0.05113226872705978	
0.0	0.19995365926145564	0.16695537123186466	0.0	0.12525937022814077	
0.0	0.21098920772165214	0.0	0.0	0.08459132527689164	
0.13564448417451128	0.1284510427869171	0.0	0.0	0.31680549472532077	
1.0910006012220541	0.9425032082414471	0.8007207844596372	0.9957514864611478	1.1030986367085753	
2.569462023778847	2.3673157285530486	2.067986927681557	2.124243270260107	2.280809145496455	
0.2428366842635238	0.213496370829391	2.519272967302054E-4	0.019058244011332985	0.09097531881632964	
0.4700130293754788	0.3494904113129174	0.16208884415783292	0.38824446207605445	0.49068777303615146	
0.05480212771488708	0.16715890147309237	0.17688505527893428	0.1301553757028628	0.02964770423921633	
0.4598454259939464	0.4327564098083691	0.9289863692770571	0.8832159541593844	0.5371843400461573	
0.08556635881030647	0.17303776048530112	0.351625968540753	0.3441952872516587	0.2220085455306941	
0.0	0.6276515640826618	0.0	0.08428915671961548	0.11126823995965296	
0.14173542878378337	0.0	0.0	0.0	0.7174612002273992	
0.0	0.25825843516221486	0.0	0.26397520572390554	0.07031341986992415	
2.292748657529157	2.3015180546104563	2.563946080135904	2.021132074101106	1.7927111227658568	
1.0883956139154864	0.42516312033782894	1.4955187668567007	1.025501087566583	1.0777459693957623	
0.0	0.17827420348141038	0.009563399274717799	0.0	0.0	
0.731545783346054	0.5940508014401099	0.29507251380675115	0.34348814958612095	0.0	
0.11280081946796443	0.09369875658322555	0.0537214278743242	0.13299184880754789	0.32497647182904243	
0.0	0.15075827950370563	0.11012671987129691	0.18484738174642742	0.02558834069693853	
0.0	0.049545594455578434	0.13360013947961763	0.006471371924666418	0.36184920280280175	
0.3299998010775842	0.07653687387865779	0.0	0.05529218261535884	1.077004628011076	
0.04282306949711265	0.0	0.35889377132324296	0.04029589198958514	0.2031419955200522	
0.25274786062962445	0.03495424057213773	0.24400363418587692	0.07375232932486897	5.996202337444739E-4	
0.024335548539571438	0.21397892435384988	0.1139686372060117	0.048306215270462735	0.1540250307582242	
0.2695029788554121	0.16941417152017554	0.0	0.11121711255246189	0.3995778252767087	
0.26318944331628225	0.0026279733335701286	0.0	0.0	0.0	
0.0	0.0	0.0	0.0	0.0	
0.0	0.0	0.0	0.0	0.0	
0.0	0.0	0.0	0.0	0.0	
0.0	0.2214836178875253	0.027926151885891322	0.21344935725760336	0.0	
0.15428283612304503	0.20660610466511017	0.35956412554291184	0.0779249725583069	0.15742892478112414	
0.0	0.0	0.0	0.0	0.0	
0.01346001090624635	0.39217058450271686	0.24149598808578693	0.3174298258634161	0.016475149476592836	
0.1430801102283199	0.28268511171521576	0.0	0.05337195187371141	0.0	
0.06107409019960419	0.10156482035183584	0.0	0.14171081182127576	0.13200270689110688	
0.12018805130543865	0.07556070584990089	0.7221033086421667	0.8869946621433793	0.023077790366254562	
1.0401239031723273	0.4961074698212319	0.0	0.5780574535162436	0.20185318903248967	
0.448211933190349	0.579351460591442	0.6372418037588337	0.39545861706968016	1.101345486268387	
0.22849533227272492	0.013456644446986462	0.1655818395394712	0.0	0.5598310362978448	
0.013779700405431753	0.06151049490602876	0.20612924709747424	0.12282796726036271	0.00826042575749332	
0.0	0.0	0.0	0.0	0.0	
0.8274614147886165	0.7770547527431857	0.8541428456909115	1.0401517069894177	0.7858527774045745	
0.0	1.1429188960815635	0.11702648638991968	0.42469788302092454	0.0	
0.0	0.5355285614992037	0.0	0.0	0.15814676882375803	
0.10550129350041133	0.15506119944852811	0.010463576465919892	0.19585627866061242	0.12429183456720934	
0.01705222132928557	0.08988560101726302	0.2528673835354172	0.04621802975348244	0.10542123277591287	
0.11337572187197113	0.36400349316122804	0.1000599003197228	0.07726497327291569	0.08268492855832829	
0.12456120424180864	0.0	0.15255301336880753	0.07094899750520212	0.019117796009911578	
0.24273214091994108	0.6010204707304164	0.0	0.43551055286072077	0.2536837805145388	
0.0900541022322077	0.35840202021819867	0.08337098470480742	0.03173980569475855	0.07998956609267804	
0.0	0.0	0.0	0.0	0.0	
0.06523476971016244	0.1966135021855184	0.16003651433814534	0.023610945105683206	0.28497649035159994	
0.3679164034621566	0.13509501440375624	0.09677733855325661	0.0	0.0	
0.12158889546521685	0.26336324078173473	0.251406531821115	0.3389846605682625	0.19287345815501192	
0.048247267285420004	0.31828094018463315	0.0133197658668412	0.063191890012708	0.2734965829006391	
0.003203096980826975	0.04022063887644598	0.2730430598632863	2.422144915891117E-4	0.25447063270779263	
0.7823805517476551	1.4675437836408585	1.580945008613253	1.2278637135778814	1.686625141506848	
0.04626005090621514	0.019844740160951856	0.14269593287876875	0.17201546644802437	0.02584257240695202	
0.12480526797960759	0.15748632948299912	0.14905153611237126	0.27572600964013483	0.3798754588758466	
0.9766596075630501	0.28938632636237727	0.7059322387629641	0.32901343167060065	0.42091355612043424	
0.0	0.3021254977298299	0.3683552977510145	0.0	0.1263531863501521	
0.05424100485847171	0.1306210141312863	0.2731354622583154	0.13141512574185638	0.1057021160105976	
0.41495789231907615	0.02013290101404648	0.15088289244359143	0.3482014397524772	0.22565220093372976	
0.12912109635756747	0.2575097377843713	0.44025807467212513	0.18430599897736705	0.0	
1.3517420343473165	1.0909720789200585	1.4805550575297617	0.8941436427347159	2.0226534943823524	
1.6594174771016008	1.9316766369442366	1.2826499225721029	2.1529843322382285	1.7185805297903156	
0.1940070100507722	0.05981108028377434	0.007491515201904911	0.0	0.16318992721970085	
0.003993133348006168	0.0	0.26938859630449047	0.2234523296308763	0.1361790381005602	
0.02946601507779938	0.15079992839916664	0.4246874995412805	0.1442400674035883	0.6717312153832163	
0.12308134792891672	0.005978191439785034	0.03338793003497252	0.0021858277299011204	0.13070202757524174	
0.36538189169088736	0.0032613613051551884	0.2725367814551414	0.005683256607230746	0.0	
0.20774794090853607	0.16573017056741843	0.06152241648401067	0.16298370035560852	0.0	
0.5429725475483332	0.4789386209268961	0.5679765517299865	0.408873805774084	0.7419902062027742	
0.48720812485904813	0.24183208520043095	0.26821550277601247	0.7661966708567578	0.4960580819133079	
0.29980347921043454	0.4871535971319732	0.27921635967771974	0.7307958078026933	0.40013261236500536	
0.0	0.0	0.23723171187580372	0.0	0.1789266156319614	
0.07595600922705138	1.0171315347335874	0.5299801978858187	0.61982487712401	0.5135853238953495	
0.32149168738311124	1.4250484028550308	0.928770574668222	1.226858344868932	0.6436716762155177	
0.0059526833336137515	0.33775309256160463	0.17275819539358528	0.2612932091104587	0.04875571638224699	
0.0	0.014893744057661846	0.22789658733581536	0.0200731103814885	0.19760529298763832	
0.0	0.0	0.0	0.0	0.0	
0.4611081221408117	1.3204387456084394	0.6927309355951169	1.21934539161807	1.3655921115973992	
0.7626962716666567	0.5815192527157707	0.5934356044723218	0.6257920540049008	0.44309445621875965	
0.1179401533303885	0.09093613476280028	0.16328212907874667	0.28766709378844835	0.09091695198778808	
0.0	0.3268864015682438	0.04532594374296154	0.0	0.0	
0.686544153419965	1.2947769177782342	1.7999043790350369	1.6745426878398926	0.6490227441653166	
0.45900822978608163	1.2477310009224487	0.967537832020812	0.33171427513130824	0.9294877450170291	
0.9733135092172022	1.079332153039447	0.19612855249021677	1.9655865527624234	0.8428897643626245	
0.08449663534304999	0.1946392783290417	0.15957119161132355	0.07596193480848293	0.0	
0.0	0.08506506020377007	0.05721619272461824	0.0	0.08155122399625513	
0.7298735971195373	0.12301244228744629	0.0	0.0	0.45771858553156053	
0.031219547641464555	0.04455232612936227	0.22156053511203552	0.4464087448780169	0.2099621872582431	
0.031144108701446273	0.21530190534682292	0.019109562654073237	0.0	0.14550538915598848	
0.10769571496946173	0.18126533022954602	0.2643616318015943	0.0	0.302482095310163	
0.11465108708194877	0.1830791697313284	0.03373508156053793	0.07816221753818413	0.3410827105760164	
0.0	0.0	0.0	0.0	0.0	
0.08354991389190329	0.24165757327230614	0.24464087161088918	0.29266393422184783	0.024077770636512754	
0.0	0.991579737422397	0.0033546527364801664	0.16579081493329265	0.5877669853306569	
0.1409235852591471	0.0	0.008630277906065003	0.03222373005504942	0.04745872770938486	
0.5776806228491123	0.7345519424360136	0.6011218834561117	0.5654316215829924	0.3702821481916299	
0.14540116090287278	0.1730051166173785	0.25469471657954795	0.11551918147829716	0.03462990451406153	
1.8705599529871395	0.6704572789173661	0.28560664598829066	0.42909254824986093	0.6326995144889078	
0.12733618380988837	0.3934089343425702	0.3485188532654827	0.1827000422332346	0.08185675408679925	
0.013790404960644202	0.3858036339654155	0.04796107865901643	0.041998541041893864	0.10477701462993633	
0.41970676203588625	0.08143284781252265	0.16092383337560018	0.2520816922558952	0.6566220195352416	
0.0	0.0	0.08803093070276533	0.13189638990559402	0.06641813831807665	
0.5147734070245381	0.16342488010085185	0.16395419769768035	0.007251267438948658	0.09273215424128375	
0.2900943167112831	0.0	0.0	0.032160618189179896	0.0	
0.05705403712546328	0.6437912013146739	0.6151481481292532	0.5944943450614657	0.29384235797525693	
0.028426003378264533	0.27261129292540487	0.18634209872174867	0.14666578487693305	0.0	
0.08968222567078692	0.18720857336528862	0.005780676710434536	0.14420636284729546	0.2685052359459602	
0.25770657857553064	0.06250425935264758	0.22223489434679067	0.1457722839795233	0.0	
0.17644681617134314	0.2990810365263988	0.11264715577945542	0.12294406921902246	8.052762760000866E-5	
0.14047364480819355	0.15228188762466763	0.0	0.007027023958058374	0.236609229988301	
0.17048300840794414	0.12680707482853543	0.2634572199400785	0.3426509786250974	0.15319284447880888	
0.16851978448674612	0.15290060869626523	0.0	0.30509321192255645	0.045283108352444396	
0.015107782217451337	0.0012546836289973277	0.27490059563113617	0.043917674290814224	0.40870649148763755	
1.0077160776168805	1.0131596534250533	0.3479095098265696	0.8140406351514403	0.7381442765637558	
0.4897533054634834	0.23958644239004942	0.18516005908986438	0.1717142807630056	0.017193046565844024	
0.6591486139138484	0.09708363118920924	0.46538629454908154	0.0	0.0	
0.0	0.0	0.0	0.0	0.0	
0.4091451269389712	0.5433609685780244	0.1720513630088074	0.3509570230740012	0.583987809710267	
0.0	0.0	0.0	0.16479488941016807	0.5671159838651136	
0.6703359686018064	0.4846119481401411	0.0	0.0	0.12275786640610141	
1.048354099451597	1.0198113871120313	0.5573750799315955	0.9767343122099902	1.2146483353436484	
0.14022875275956223	0.012573762527776783	0.042272714723863555	0.0	0.1518607927981045	
0.0	0.0	0.0	0.0	0.0	
1.3944474120220391	0.9411156802447603	1.3394097566590828	1.7059261469503746	1.5603216385389562	
0.0762912364188329	0.5041819344857411	0.22626354156467335	0.14109675342648148	0.0	
0.0058658059388655885	0.0	0.04480368420598701	0.0	0.26928415685004636	
0.056528885568780766	0.37735085766021037	0.16293592722529213	0.08786145696255947	0.0	
0.0	0.7630604565035629	0.006246016304404011	0.20144057848715172	0.5016253558918352	
0.45204759895875074	0.14186157766821048	0.181511892757897	0.6017355290223527	0.0	
0.0	0.3518662860383414	0.0	0.0	0.0	
0.8084244645570096	0.8313991024734543	0.4679405276127703	0.6900582779540115	0.9002250738080596	
0.41806988255302024	0.3037870705992348	0.25570861774307224	0.30953816040514487	0.3483903993274231	
0.2200823259211986	0.0	0.08242798762825441	0.0	0.19955308116231305	
0.0	0.0	0.3614846215913948	0.3655425609993931	0.3469797093359916	
0.0	0.0	0.0	0.0	0.0	
0.21504450854451929	0.05060787114559146	0.0	0.0	0.735559091583439	
0.0037676093802120735	0.24577648036431524	0.297550718519518	0.053472479360319104	0.03479107623534385	
0.3456560389616226	0.1352032335571407	0.0	0.3209055631701483	0.07726205841769426	
0.5080705722018234	0.15756096969262226	0.15963783132312284	0.20421751107941044	0.17063206255808014	
0.7423380753476576	0.3961137635299142	0.6524996576880575	1.1136222544952237	0.9970647934660494	
0.8123953990722483	0.40844685801479513	0.9130438668915434	0.3628665262024171	0.6111305227092195	
0.1192835594423346	0.24717603334019728	0.3910015075366836	0.35664695315673195	0.1390258314384097	
1.7939220580624968	0.42512026413320164	1.7285669753554924	1.4713311891117244	2.1151207207379588	
0.0	0.0	0.0	0.0	0.0	
0.6664943385429225	0.12367268927516507	0.3262525346316059	0.22419741059764106	0.6305818491338966	
0.1658276808869578	0.059435003097610316	0.24819024729027833	0.21947440366739396	0.160311495885868	
0.1977111510042189	0.10102062070779413	0.5232115837994556	0.27742901699517775	0.12534474630434336	
0.8125733408965607	0.48078091656015953	0.6135375674560112	0.19427369959627236	0.48397660469727866	
0.5573993978457898	0.5570181400956407	0.5109353740733036	0.6718147204106595	0.33768301385498484	
0.04257997772906033	0.24716969553191612	0.056069422492675054	0.09804818084745077	0.47182003851889315	
0.3634860404144613	0.0	0.32969618062083483	0.16840981711787778	0.45680974371752076	
0.08198938114487649	0.11674129087095773	0.0	0.0	0.2152123667932903	
1.4275958893193723	1.1745722804609617	1.056366633169268	0.8798579952114873	1.2011233013212446	
0.39498532741619147	0.25718353834115637	0.38665219166952913	0.45655643873903334	0.4783679456132231	
0.30385715612634506	0.029271119311373772	0.010697883367625425	0.0	0.035628193113273504	
0.0	0.0	0.0	0.0	0.0	
0.0	0.0	0.0	0.0	0.0	
0.7930503934308157	0.814225736702248	0.8817418312133541	0.7472362632809383	0.7281291893408759	
0.0	0.558871597717776	0.0	0.0	0.0	
1.2525979784597872	0.9466596432816744	1.7077541229864937	1.4682893102207173	1.4858047729735926	
0.027154445552199945	0.5276932452556492	0.14899000021898468	0.06459170868155464	0.912230705626815	
0.19781497185931918	0.22212219361780214	0.136447138889303	0.18745493144157271	0.3160781903095029	
0.0	0.2973441528440541	0.0	0.22127546373592605	0.14824094655663925	
1.4327884306492722	0.8162005635118389	0.9762007775826775	0.4763731539738123	1.6794306244352135	
0.06545030867958743	0.9271549433039141	0.6648955392079994	0.4961542371266509	0.38294974140472726	
0.38041291152294826	0.4072412156026062	0.10343039499280929	0.5416268159823043	0.3764923458635655	
0.23126901415591147	0.0017202837072470643	0.12238206059778732	0.2920159836782999	0.012434997276828558	
0.0	0.22703742041360503	0.0	0.2588471983388234	0.06499359533899883	
0.31780035400833184	0.0	0.18840270992798605	0.21672346240866858	0.6278983814087404	
0.24229280127228042	0.15460162886427306	0.16724221392032423	0.0	0.0	
0.02360973588035469	0.11073937128150413	0.0911463216753669	0.024587653627695202	0.5568461652663732	
0.3377630335862099	0.33497658194883223	0.0	0.2877983189357149	0.43659593628943755	
0.8313729230778788	0.0	0.050387426521066335	1.088878420630507	0.21945442322080197	
0.0	0.0	0.0	0.0	0.0	
0.5138682992752583	1.5077554760026597	0.5480306147986254	0.372006048821486	1.163282998362598	
0.22511284466322012	0.24313560742155585	0.4814422196073622	0.1516556419663736	0.12836233061049107	
1.3319193930889457	1.3590260288312992	1.0176816515723695	1.186534985499154	1.4550997621784776	
0.09349966730946105	0.11483730013776357	0.10074827310113683	0.06872951854112892	0.07182403440041758	
0.285505114747747	0.6765335265469498	0.0	0.0	0.4783253241343423	
0.0	0.0934982260544724	0.33682972461315597	0.45414588779140513	0.061137555375291544	
0.05045074073579723	0.15836807793256905	0.0	0.0	0.0	
0.0	0.07597212514142582	0.08899120012548256	0.0	0.0	
0.16611173525832465	0.10359414637571694	0.6494671985577616	0.20147133083903943	0.11128953795015413	
0.0	0.30547613285724423	0.31445033461212124	0.14839341949222334	0.12789418490674975	
0.5885402828688716	0.39883360110069666	0.014398973772680014	0.4362541546681695	0.09736054265322477	
0.09099067148297482	0.2504158387685047	0.20674347850859154	0.11645790276402548	0.1186878800554493	
0.0	0.11622017146778531	0.21231452997967928	0.4196928722833642	0.1318662833475962	
0.0	0.15535247899678753	0.0012961600722663595	0.0	0.009857245695471367	
0.18006928253340193	0.2984904564260703	0.738549792238977	0.02171963071092727	0.09454817453341972	
0.24800316872635356	0.006395957731690866	0.18241112973364382	0.01699323345320501	0.029377340656636164	
0.0	0.0	0.48643674467581194	0.0	0.0	
0.019595311158617554	0.22338523526132464	0.08288231859903636	0.03946975741470558	0.28535864040568665	
0.0	0.0	0.0	0.0	0.0	
0.05843288613629094	0.014471404150672492	0.07961147921859826	0.11530614340388506	0.15398675614718788	
0.04321163779100644	0.10730951506511732	0.1639273570517687	0.04511996099827404	0.08330104684451191	
0.0	0.0	0.0	0.0	0.0	
0.3531810985622828	0.0	0.26532101137509445	0.1836644812897788	0.44179463929529494	
0.12809591312432494	0.18189459545169087	0.050690412607572885	0.19283448672655962	0.20331529774500132	
0.1876539528673748	0.08691892937363781	0.0	0.20871853379059518	0.341726694075897	
0.2756574247448208	0.09553752110916156	0.29635958995113015	0.08830391140030139	0.019041945848315693	
0.021994241957154652	0.0	0.6496782691214464	0.7931574657089108	0.3244688852169989	
0.2754225164007776	0.019834275262899367	0.15732795772882832	0.1640163707156231	0.18900660901175775	
0.3042319555123135	0.0829434206273547	0.15739118770378144	0.287323473272533	0.17513990731024653	
0.9060744103351449	1.0214760282996178	0.6239819671575758	0.9774397467445901	1.0709518000106097	
0.5295649883473821	0.34074518293294687	0.41751821726774846	0.13080437164912023	0.4421125064489155	
0.1652956459909693	0.1552987235237125	0.2986034149468604	0.2472424917021694	0.3749743285091122	
0.09668072762985261	0.05363151099508562	0.04143030228295212	0.11585669966651717	0.2721541016279238	
0.1201808570051287	0.37294485923342685	0.021232197924212787	0.06484193830470943	0.05711983044003644	
0.05642567829738164	0.09398142801142426	0.0935612810341435	0.0	0.031234547744634918	
0.1692350172487433	0.2205223626934163	0.6612120428041873	0.5115918797738096	0.41160774548754997	
0.7814768143141134	0.0	0.28872656938825275	0.5950231123329139	0.910302222385811	
0.2910173696536853	0.026324341194748826	0.0	0.13836410100300098	0.23303380783365854	
0.41932380473170855	0.0534909626670989	0.1364603178527761	0.14444274571767549	0.20989978555754513	
0.0	0.0	0.0	0.0	0.0	
3.5268452502697847	2.182959345888212	1.9963337145543152	0.9368855125947838	1.171222798950117	
0.0	0.004137241761166454	0.0	0.07971041183985585	0.07609440360003626	
0.13401594294806426	0.20853558469840885	0.24079953576701124	0.08619965892395655	0.312666721553985	
0.3883828505761316	0.5687032258169886	0.286580742051032	0.0	0.1542971930801143	
0.06345601314744723	0.0	0.0	0.0	1.2303161077539113	
0.8530883395278523	0.3485357074115402	0.0574559479206212	1.0489325634372084	2.455943014540166	
0.0	0.0179661932049823	0.2871075995449148	0.0	0.13546372188624903	
0.009308306353205134	0.16711048213958066	0.26906593405275075	0.11369969507848027	0.11937250031476102	
0.20626113517121758	0.15879545230278072	0.12178478265204562	0.23290417768819296	0.20191140061237361	
0.0	0.3685519262670877	0.12994063066453243	0.0702882719160523	0.07401584016591845	
0.0	0.0	0.0	0.0	0.0	
0.38285740417116554	0.056467636362665864	0.225229078736126	0.2793256541368407	0.1291858668481764	
0.47937988058576403	0.6915719195920527	0.47612591654918823	0.5919961523700156	0.5012553141282744	
1.0462265524107478E-4	0.15491592031110166	0.0	0.0	0.1379788379109814	
0.23064534381566185	0.37186695128372615	0.47993823378502326	0.22658376198086203	0.3667634890166777	
0.28713118800669685	0.4808079569600845	0.25523332664771137	0.015210181580473105	0.5989534560717403	
0.0	0.8198384330265857	0.40967430863885923	0.9632073404161933	0.9473036860517807	
0.47724402476563066	0.0911182955895224	0.15450318632681817	0.2895629558836921	0.6587383516213439	
0.08679592972678772	0.20036867902860944	0.02093949098687951	0.027291799020695767	0.0	
0.03729682388902573	0.36510072332048776	0.15949142988926251	0.0745697736247998	0.4641162479687856	
1.803745789661621	1.213475667144625	1.9649706307390795	2.2580637414229874	1.2464247087052147	
0.6096048217444937	0.0	0.12689068295497713	0.3077385042167093	0.5920743332617465	
0.0	0.09587644890954025	0.09949774183327963	0.22194169941228806	0.26780489597654117	
0.9736316000876393	0.047318325581432334	0.0	0.0	0.0	
0.0	0.2457750875965689	0.34560140188580996	0.1208884262178924	0.16731127350830355	
0.0	0.0	0.0	0.0	0.0	
0.6464013457158303	0.4932725320741435	0.21373386537346326	0.1754102447653796	0.21797113412239494	
0.0	0.2792387274331291	0.06181864787420274	0.20287742885057009	0.1287317471820342	
0.21266203902199354	0.45315795464187403	0.5339154616263254	0.764910607615614	0.0	
0.09405333211573608	0.5227732319388971	0.1451187807288622	0.10456666810269682	0.0	
0.2176804376749346	0.0	0.2920038909595245	0.4022666252005463	0.2297415133816615	
1.0646893636370058	0.5648435693820812	0.6683309333517319	1.543062957763347	0.9644977565894829	
0.0360548952663075	0.16663442612308504	0.09038356154419369	0.17758310573166536	0.16206805338694968	
0.1855416970138816	0.6980522426971486	0.3191647458391862	0.4369886430455119	0.6446130378317665	
0.26995518789187184	0.0	0.14544335293886593	0.24659690755945868	0.0593209817762257	
0.07883604191219222	0.04630524603673585	0.07297094578689599	0.0	0.019353056249134738	
1.508854745239962	0.8145546559912873	0.20887903770769503	0.8359832405240573	0.7250663089009209	
0.0	0.0	0.0	0.0	0.0	
0.25776983817331045	0.022863120666827927	0.0	0.21429714262271982	0.0	
0.01604868406136238	0.021429137147426742	0.22203656097045807	0.0	0.22756417041606786	
0.0	0.0	0.0	0.0	0.0	
0.28580136359508723	0.4030497258504862	0.1460195324476653	0.11100509363670893	0.45571636896007484	
0.08056763084719086	0.0	0.19839290998999767	0.11293226335915718	0.36123154484866393	
0.0	0.49232574563336934	0.20880951616033452	0.21446790820042883	0.0	
0.0	1.309013195575372	0.36929124245195466	0.29553861268259984	0.0	
0.033464838644940875	0.26729955604356276	0.006526091964198438	0.0	0.0	
